52890
52892
36480
40069592
54215
54223
54224
54225
54228
54611
54612
54613
54616
54617
54618
54619
54620
54621
54627
37866
51438
35145
37790
37792
37795
37734
43355
54187
54424
54429
54441
54444
17082
17083
17084
17092
17286
17288
53397
53398
17275
17276
17277
36474
36478
54166
54315
54568
54831
54845
54848
54851
54182
54183
54904
54915
54927
54933
54934
54935
54938
54940
54942
54944
54945
54954
54955
54961
54963
54964
54965
54967
54386
54747
54759
54760
54794
54830
54878
54879
54884
54976
54993
54995
54997
42630
42632
35161
16969
16971
16975
16976
16977
16980
16981
16983
16984
16985
16987
16988
37755
37758
37671
41633
54788
54789
16915
16916
16917
16918
42579
42580
42581
42582
42583
42584
42585
42592
41933
51397
43344
43345
43346
43347
43356
43357
43360
43362
43363
43364
43368
43370
43379
43467
43474
43476
42665
36673
41700
53011
53013
53014
53015
53354
53358
17079
54795
54827
54835
54836
54840
54841
54842
54849
54850
54852
54854
54856
54858
54859
54860
54861
54863
54864
54865
54873
54881
54888
54889
54892
54896
30594
30407
52944
52927
53068
53072
53074
53079
53081
52825
52856
52873
53243
43303
43304
43305
43306
43308
43309
43310
37852
37855
37856
37861
37862
37865
43877
37869
37870
37444
36536
17328
37932
37935
37939
17192
17195
17196
17199
17200
54527
43335
52945
52951
52984
52987
52989
52990
52992
52993
53001
53008
53010
53459
52878
53225
52742
52799
52801
52807
52810
52905
52888
54821
54824
54828
42565
42570
36445
37813
37817
16970
37822
37827
37828
54853
54855
54240
54243
54245
54247
54252
54253
54254
54256
54257
54259
54263
54264
54265
54266
54267
54268
54275
54277
54278
54279
54282
54283
54284
54286
54287
54291
54290
41740
54300
54301
54302
54303
54304
54305
54306
54307
54309
54310
54313
54314
54316
54321
54324
54325
54326
54327
54319
54320
43013
42572
42574
41903
17042
17044
17045
36685
17143
17144
17145
17146
17148
17149
36555
36559
36569
36571
37500
37502
54338
54146
54147
42710
42711
42958
42993
37962
17102
44193
44197
43559
43561
43565
43573
43578
43582
43707
43755
43757
17115
17116
17120
54797
43014
42647
42650
42652
42654
42655
42656
43773
41304
41471
36686
36695
17159
17165
17172
36580
17209
17121
17122
17124
54816
54132
54387
54756
54787
17215
16996
17236
16515
16516
31890
31893
31895
31896
31897
31900
31901
54255
17114
41860
17238
17240
17241
17243
17244
17245
17246
37494
37589
37590
37591
37594
37595
37596
37597
54448
54822
54823
54843
54844
37928
17174
17175
17176
17177
17178
17179
17181
17182
17183
17184
17185
17186
17187
17189
54569
43783
39926
43789
43792
35142
45269
54581
54587
17201
17203
31637
31638
36484
41604
41682
42724
42725
41889
41890
41893
42922
43275
43316
43328
43329
43330
43331
43333
43334
42720
42721
17001
17032
17406
54272
54537
54538
54539
54540
54541
54542
54545
54546
54549
54553
54555
54563
54564
54565
43336
42712
42713
42612
42614
42616
42618
42619
42629
42631
35452
35461
41900
41915
17210
17211
17212
17213
42635
41605
41749
40043
41126
42727
41264
41698
42738
17301
41697
38007
17298
17299
17300
37663
37659
42764
42765
42768
42770
42771
41839
41847
37545
37546
37549
37552
43348
42637
41836
41895
41897
41899
42923
42924
42925
42586
42624
43147
43169
43170
43171
43172
43176
43226
43227
43246
42699
42700
42701
42702
42705
42706
42707
42708
42709
37410
37420
30645
30613
42741
42742
17080
17081
37666
17041
41622
41623
41625
37994
37997
42691
42692
42693
42694
42695
42696
42884
42885
16843
17348
16809
31634
31635
42906
43018
43039
43040
43054
54207
54214
17193
16926
16810
17219
16802
17208
16913
41782
41788
41794
42737
42739
42740
41611
41612
41613
37975
37979
37984
37985
37990
37992
37993
54294
35462
54198
54766
54770
54774
54777
54781
54784
54785
54790
54812
54817
54819
43846
43848
31847
31848
31851
37128
37134
37137
31715
31731
31732
16973
37572
37573
37578
37580
37581
37584
37735
37737
37740
17117
16770
16771
31964
31970
31971
31973
31974
31975
31411
31388
16572
48411
48415
48424
48425
48533
48535
48547
48576
48578
48579
48418
16486
16490
38411
37298
37300
45504
45505
45506
45507
45509
45510
47247
47248
35073
30355
44318
36777
44499
44518
44519
44700
44701
43775
43799
43801
43894
43922
43923
43925
43933
43980
43982
43993
44360
38021
44940
45500
31566
31033
30965
46733
44357
44395
36836
36802
48286
48287
48288
48289
48322
48323
48338
48339
48350
44160
45122
44394
36856
44527
44529
44591
16825
16826
47275
48196
30870
30894
45288
45289
45290
45291
37056
37057
37060
37061
51821
44253
16751
16752
37375
37377
37381
37382
37385
16864
44653
36790
36675
44458
44658
46722
46724
46725
45915
45917
36743
45223
45224
37304
37307
48127
47947
47949
47950
48002
48003
31173
37179
37182
51025
16676
36530
36584
44273
44313
44359
44419
44763
44274
44626
44627
44628
30702
52174
44418
44903
35076
31452
44157
30457
30459
30460
30463
30465
41963
17416
36785
31572
38097
38113
40209
36850
48239
48240
35196
45270
36627
45271
45273
30670
42714
42715
46504
46507
37754
53362
52907
52908
54832
54833
54857
54862
54866
54867
54868
54869
54874
54875
54877
54880
54882
54883
54885
54887
54914
54917
54918
54919
54921
54269
54926
42799
42788
41146
41606
38128
42806
56055
56058
54457
54458
54459
54464
54465
54468
54469
54470
54473
54516
54890
54572
54573
54271
41680
41681
41685
41686
41692
41693
41702
42670
42874
42876
41996
41999
42557
42558
42559
42560
42563
54834
54837
54846
54847
54902
54906
54907
54922
54197
41506
41568
35159
54148
54149
54150
54151
54153
54154
54155
54156
54157
54158
54159
54160
54162
54163
54164
54172
54173
54175
54177
54296
54791
54829
47264
47266
37904
37185
38423
38427
45286
45287
46712
44920
48390
31202
31220
45536
48276
36793
44654
44762
30821
43389
43472
43516
43520
43525
43528
43529
43533
38437
51389
38389
36799
31497
31502
31503
31506
31507
31508
30043
30045
38040
38041
30641
30642
30644
30648
30651
30652
30654
30657
31142
31144
31149
31150
30286
30287
31055
31057
31060
30478
30481
30485
30486
31182
31183
31185
31186
31187
38361
31445
31448
31451
31455
31456
31457
31356
31358
42077
42112
30783
30788
30789
30791
38042
30053
30062
30063
30065
30068
30069
31170
31174
31176
31178
31179
31180
31181
38278
38279
37353
38127
38065
38062
31125
31015
37522
40252
40026
38080
31520
31535
40045
40054
44983
43990
44096
37629
31496
36809
36852
31470
48281
37857
37534
37541
37550
31242
31235
48550
48551
48555
43781
43784
43786
43787
43788
43804
31002
31041
31044
37859
48420
48422
48423
48621
48623
48640
48052
48053
48055
48119
48120
48122
48123
48124
43517
43518
43591
43592
30837
30768
30766
30764
30761
30855
45283
45284
46530
46531
44055
44129
44624
45100
45101
39916
39912
43746
44069
44082
36560
31300
48641
48642
48643
48645
48648
48649
48650
48759
48760
48761
47963
48113
48202
48203
48204
48206
48207
48208
48340
48188
43538
43540
43543
43545
43547
43550
43552
48130
37094
44161
44523
31317
31143
30577
30903
30419
30190
30815
39890
45048
45049
45050
30277
30427
45226
43567
43568
43570
43575
43610
43612
37571
46742
36803
43981
44089
44090
44127
44275
44386
44391
31853
43367
43369
45292
45293
45294
45296
45297
45298
45299
45300
35460
35964
43554
44681
44683
16873
16874
16880
37615
37616
37871
37872
37873
37878
37879
37881
37882
37883
56054
37463
37466
37472
37555
37557
37559
37562
37563
16865
37621
16817
16819
16821
16822
16823
37892
37893
37894
37895
37903
16950
16955
16956
16674
31815
31816
31820
31828
31829
31832
31668
31670
31671
31672
16605
16608
48905
48369
48370
48371
48372
48374
47171
48762
47959
47961
47962
48034
48272
48602
48605
48606
48609
45493
45494
45495
45499
43709
30412
30379
30354
30244
30213
31103
30550
30538
44398
44400
44401
44960
44961
37830
45083
40093
40099
48393
48610
48612
48618
48619
48620
47173
48173
48174
48175
45715
44056
44530
44543
30308
30889
41980
41981
41992
41793
44648
44882
17217
43267
17214
43269
30468
30470
30475
30240
45278
44213
37308
37166
37168
37177
16458
16460
16461
16682
31959
31872
31876
35074
14977
31370
31373
31375
31376
31381
31382
31384
40171
40175
40176
42067
48056
48057
38017
38018
38019
38023
38028
38031
40088
36893
36896
36794
36795
36798
43402
43404
43406
45920
45921
45926
43992
45712
45714
37219
45530
45532
16966
16967
16801
16804
16805
16806
16811
16812
16813
16814
16816
16834
16835
16836
16841
16845
16846
16847
16848
16849
16850
48389
43495
43496
43551
53226
43553
43485
43486
43487
43489
43497
43500
43503
43506
43122
43123
43126
16947
43349
43350
43351
43352
43353
43354
43337
43338
43339
43340
43341
43343
54222
54192
54199
54212
54213
54299
54419
54443
54453
54463
54466
54475
17206
17207
52007
37998
37999
38001
38002
38003
36506
17008
17010
17011
17012
17016
17017
17021
17023
17024
41106
41108
41135
41286
41668
41676
41684
41696
41669
41671
41672
43311
43312
43313
54133
54135
54137
54138
54140
54143
54144
54145
43915
37554
17030
16948
37480
16777
16778
35146
36662
36663
36671
37765
37768
54203
54205
54758
54763
54798
54800
54801
54802
54804
54805
54806
54807
54808
43508
43510
45025
44015
44019
45060
45061
30919
48233
48234
48245
31617
35095
35099
43581
37221
16595
36989
36990
36991
36992
36994
36995
37079
37085
31631
37949
31436
36682
36684
37947
37948
37950
41756
41085
41104
41984
42828
42829
42597
42598
42599
36479
54317
42722
42723
42905
43121
30220
30382
30156
30162
30601
30566
31322
31080
31095
48148
52080
48391
48074
44155
44316
30143
30592
30001
30301
30842
44662
38169
46516
46517
46518
46713
53593
46715
46767
46768
46769
30555
36815
30534
30533
30064
30505
30061
30473
31484
43694
43698
43704
16797
16974
16919
17202
44782
46708
44021
44421
44723
45524
45526
45527
48367
48368
37478
31075
31051
37644
37669
38032
38033
45301
45302
45305
45306
45307
31628
16626
37115
16502
37150
37157
16931
31916
31923
31856
16866
16868
16940
48284
48285
45067
37648
37271
43806
43808
43810
43827
43878
43880
31067
31094
38708
37961
37982
17073
44040
44041
36462
36461
36846
37818
43621
38061
43593
43594
43595
43596
43597
43598
43674
16824
40106
37159
37161
37164
37165
31780
31781
16562
16567
16568
16570
44178
44180
36678
44381
31038
43883
38119
38120
30802
37491
30796
37503
36502
37687
30079
17358
30077
37043
44123
44657
32093
32095
32096
56016
31610
37098
31704
31713
37207
31650
31839
45537
45538
45539
47255
47346
47347
44030
44053
44103
44106
44108
44110
44111
44113
44115
44118
44119
16957
16958
43968
43969
43371
43393
31107
31113
31140
44137
17062
17107
30018
37736
37902
37646
38072
45143
48549
48583
48585
48613
48614
48328
48329
37631
38243
48251
48253
43398
45929
45930
45931
45932
45933
45935
45936
51557
45181
45182
45184
45185
45186
45187
45188
45220
43989
45904
45905
45906
48073
43555
43557
43562
45102
45103
31316
31825
31543
30183
31727
31761
48076
47153
47966
47982
48211
45909
45910
45912
45913
43778
43375
36859
45052
42268
40169
17371
46521
46522
48006
37287
37289
36906
45550
45551
45704
48955
44656
43975
43978
31387
48213
48216
48217
48248
48249
43613
31673
48758
38218
36981
36982
36983
36985
46511
44027
44086
44087
43456
43460
43463
43492
37483
45545
37303
38026
37519
45546
45547
44860
48214
48232
37910
37911
37915
37918
17296
51026
37096
37099
37100
37101
37104
31677
31844
31845
36874
38183
38383
31461
31857
31858
31859
31861
31862
31863
31674
31676
40002
40011
36769
36797
38270
38149
37264
37265
37273
37274
14967
43558
54810
54813
54814
54815
54614
54625
54632
54649
54650
54651
54652
54653
54654
54655
54656
54657
54658
54659
54660
54661
54662
54663
54664
54665
54666
54668
41407
54189
54190
54191
54193
37773
37774
41673
41674
41675
41677
54293
54445
17216
17218
17221
17222
17223
17224
17226
17227
17228
17229
37484
35168
35170
53393
37662
42744
44596
43108
43109
43110
43116
43117
43119
43127
43129
43130
17497
30238
36503
30967
44013
44016
44024
42716
42717
42718
37539
37540
54136
54139
54141
54142
54179
54180
44138
54629
54633
54648
54194
40028
17303
17304
17305
17306
17307
17308
17309
17310
17311
17312
17313
17317
17318
41721
41723
54454
54462
54474
54476
54534
54536
54560
54562
54186
16896
16978
16941
42927
42974
42746
42747
42748
17338
17339
17340
17342
17343
17344
17345
17346
17347
17349
42763
42767
42769
42780
42782
42789
42790
42719
54241
54242
54244
54261
44317
44378
36707
43854
46773
46945
46946
46947
46949
37560
37567
16794
16827
16954
16808
16842
37905
32001
16911
54260
54280
54318
54769
54772
54773
54776
54782
54783
54792
54793
36493
36494
36496
54188
43886
46737
46738
44921
45000
36909
45020
45022
45023
45024
44122
54202
54204
54208
54209
54210
54211
54216
54217
54218
54219
54220
54221
54226
54227
54229
54230
54231
54232
54233
54270
54753
54762
54825
54826
54871
54273
54274
54385
54388
54389
54390
54391
54401
54402
54403
54404
54406
54407
54408
54432
54446
54447
54449
31639
31641
31642
31643
46765
42733
17319
17320
17321
17323
17324
17329
17330
17331
17332
41994
42556
41128
41130
41131
41699
30441
52863
52866
52867
53085
51062
52030
52035
52037
52038
52588
52589
52590
52591
52598
52620
52632
52713
52714
52722
52368
52369
52371
52372
52373
52374
52375
49426
49428
49429
41760
37945
41507
37963
35476
50838
50839
50928
50931
51094
51282
51283
51287
51288
51317
49966
49976
49996
50006
50007
50016
50017
50967
50972
50973
50980
52060
52061
52064
53301
52777
52778
52780
52852
53082
52929
52930
53457
53458
53123
53125
53126
52854
52876
53037
53051
53052
44680
44102
44176
44179
44356
46728
31532
31692
31753
31807
31962
37543
31905
31873
44117
44120
45229
44136
36681
42601
42613
42615
41966
42897
42899
37719
42904
36679
42661
42662
43113
43124
43125
43143
43194
43033
43057
43058
44355
44962
44963
38107
17289
17291
42730
42731
42732
43560
44188
44192
44194
44660
44663
45065
45066
39934
39917
39913
43779
31680
31681
31683
31684
31685
31686
31688
31689
31691
31208
37867
43563
43566
43569
43571
43572
43576
43580
16477
16478
16479
16480
37568
37569
16946
16791
16792
16793
16795
16796
16798
32025
30568
48590
45081
16520
31952
31953
31957
31958
31961
16619
16620
37387
37388
37390
37395
31997
31999
32002
32007
32008
32009
32014
16905
16906
16907
16908
16909
16910
37673
37674
37396
35016
37399
37400
37403
37408
37409
37411
37412
37413
37360
37361
37363
37364
37367
37372
37513
37624
37292
43693
46109
46110
46111
46520
44803
31754
31755
31907
30337
31348
31349
31122
30348
47546
47547
48001
48022
48058
48059
48331
48365
43662
42340
38029
40159
40073
30792
31775
36734
40166
40167
46514
46515
44184
43577
43579
43658
36926
36741
43661
43667
43671
37433
39941
44522
44034
44173
54195
54200
54201
17402
31177
31184
31253
31265
30458
30088
50768
50769
50770
50771
50772
50773
51068
51069
51070
51071
51073
52114
52118
52119
52158
52159
49166
49169
32067
32069
46741
53310
53455
53220
53221
53222
53234
53032
53026
52743
52744
17043
17147
36557
49268
49296
49308
42561
42562
51240
51247
49528
49529
49530
49531
49532
49537
49538
49546
49556
49576
49606
49607
49608
49609
50348
50546
50567
50596
50606
50616
50628
50813
51978
51979
51980
51981
52124
52265
52266
52268
52271
52464
52156
52157
52319
52321
52322
52323
52324
52325
52331
53264
53265
53267
53065
53075
53076
53077
17292
17293
17294
17297
36488
36490
54165
53216
53140
53141
53374
53379
52776
52783
53083
53268
53269
53402
53403
55614
52708
52709
52711
52715
52717
52718
52720
52721
52723
17671
53004
17237
30147
48092
42856
40015
40003
40035
40019
40022
42779
42781
42783
42784
42794
41245
41250
41105
41107
18023
18024
18025
18026
18027
53028
53029
53031
53033
53034
53040
53392
53426
52745
52747
52902
53227
53228
53229
46107
48133
48134
43646
43664
43666
43672
43673
43675
43676
43677
43680
49419
49422
49423
52751
53203
52817
46950
46952
46953
44062
44187
44191
17056
17057
17058
17059
17060
17061
17063
17071
52823
52913
52919
49436
49438
49447
49456
49466
50913
50914
50915
51278
51514
51537
51008
51009
51010
51016
51017
51018
51019
51021
51022
51023
51028
51029
51030
51047
51049
51050
51051
36788
42839
52580
52584
52585
52586
52587
52707
48975
48976
48977
48978
50845
50846
50847
50848
50849
50851
50852
50853
50855
50856
50857
52950
52952
53387
36540
36544
43824
43825
43826
43875
54872
54916
52921
52922
52924
52970
52988
52991
52994
31206
30488
49091
49116
49117
49125
49128
53078
53080
52759
37838
37839
43133
37842
37845
54134
54181
54185
54248
54251
54295
54577
54578
54580
54585
53382
53383
43137
43141
43173
51797
52408
52420
52421
52434
52435
52436
52439
52443
52444
52448
52452
52456
52458
49158
49666
50626
41145
41147
41164
51982
51983
51985
51707
51737
51757
52235
52241
52243
52246
44593
41769
41791
42936
56137
49476
49486
49496
50835
50841
50842
51628
51637
51647
51667
51668
51677
51727
51984
52473
52549
51208
51210
51227
52953
52440
16989
16990
30110
37359
30831
37253
37254
30809
52112
52113
38075
51442
51443
51444
51445
51446
51447
51449
51450
51498
51717
51718
51729
51730
49490
49491
52073
52077
50366
50367
50368
50895
50896
50900
50934
51086
51358
51361
51362
51378
51387
51827
52247
52248
52256
52257
52259
52928
53418
42894
42663
42963
43064
45245
36908
44124
43828
43300
43301
43302
52849
52749
52920
53093
53095
53270
53272
42729
49014
49025
49135
49136
55944
55945
55951
56021
56023
56024
56031
56033
56159
56175
56179
55191
55192
55198
55201
55203
55204
55206
55207
55208
55221
55222
55223
55224
55226
55610
55802
55929
56084
56086
56090
56092
55489
55514
55515
55517
55528
55926
56020
56022
56025
56026
56028
56030
56032
56034
55332
18057
18058
18059
18060
18062
18061
18063
18064
18055
55232
55244
55542
50026
50027
51040
51041
51042
52110
55266
55556
55597
55733
56060
56173
55268
55269
35453
44760
50356
50357
50358
50362
50818
50819
50820
51127
51147
51173
51174
51179
51197
52848
52850
50873
50874
50875
50965
50966
50968
50969
50970
51257
51258
51259
51260
51262
51279
51280
51281
48816
51321
51327
51339
51342
52111
36477
36683
17333
17336
17337
43136
43138
43140
52818
52822
53042
53334
53340
51540
52175
52184
52195
52312
52313
52316
52317
51363
51368
51607
51697
52084
52492
52493
52800
53009
53294
53295
53296
53297
53298
16991
16992
16993
16994
16995
16997
16999
17000
17002
37683
37686
37689
32063
32064
18028
18029
18030
18032
18033
18034
18035
18036
18037
53408
53410
52741
53177
53194
53195
53196
53197
53209
53210
53213
53214
53217
53232
53450
53451
52931
53315
52365
52366
49487
49488
52958
52959
52961
52969
52971
52972
53235
53236
53238
53342
53345
53350
53419
53420
53411
41950
41917
48051
48403
52802
52811
666
53198
53271
18039
52826
53307
53308
53316
53092
53109
53111
53241
53242
53782
53416
53421
53422
53424
53425
53427
52838
52946
52947
52948
49866
49906
49916
48947
48948
48986
48987
49001
49002
49009
49011
51787
52467
52468
52469
52470
52472
52474
52475
52476
51439
51440
51441
53162
53163
53166
53167
49026
49027
49028
49045
49047
49049
49050
49065
49066
49068
49070
49071
49072
49087
49090
52242
55877
56141
55263
55562
55563
55564
56038
55987
55988
55989
55990
55991
55992
55993
55994
55425
55499
55596
55607
55755
55756
55757
55996
55998
56000
56009
56083
56089
56094
55159
55162
55326
55411
55445
52423
52424
52425
52426
52430
52431
52433
55366
55369
55370
55379
55380
55381
55382
55383
55584
55627
55628
55740
55750
56161
55132
55133
55134
55143
55155
55416
55428
55430
55443
55466
55892
55894
55897
55901
55924
55925
55040
55043
55501
55511
55582
55805
55807
55834
55835
55836
55838
55839
55899
56044
56167
55299
55300
55432
55434
55485
51987
51988
51989
52442
36567
36700
17173
17180
17188
37938
17194
36667
37772
37779
37847
51052
51053
51087
53442
52853
52860
53211
52997
53002
53006
53007
53322
53323
53348
53428
53441
52772
52840
52847
53288
52842
52843
52844
52845
52846
50456
50457
54928
54937
54939
54941
53043
53054
53143
53149
53151
53215
55217
55219
55243
55245
55246
55309
55311
55408
55658
55851
55904
55910
55911
55912
55913
55922
56151
55095
55097
55098
55099
55270
55272
55273
55475
55477
55478
55520
55943
18056
18065
18066
18067
18068
18069
18070
56168
56169
55262
55397
55398
55420
55421
55442
55833
55841
55843
55844
55845
55846
55047
55052
55053
55058
55062
55067
55069
55070
55946
55947
56085
56088
56091
56093
55674
55675
55676
55678
55679
55680
55681
55682
55683
55684
55685
55310
55510
55535
55536
55559
55567
55954
55955
55962
55965
55968
55969
55971
55972
55418
55737
55738
56103
18074
18073
18076
18075
18078
18077
18079
18080
18082
18081
18084
18083
55161
55312
55491
55533
55534
55539
55631
55634
55948
55956
55959
55960
55973
55977
55978
55980
55981
55984
55985
55173
55174
55175
55176
55688
55690
55691
55693
55695
55467
55468
55976
55979
55983
56136
55308
55385
55433
55490
55560
55598
55717
55777
56045
56047
56049
56095
56098
55276
55277
55279
55509
56050
56051
56109
56110
56111
56112
56113
56114
56115
56116
55338
55344
55348
55422
55504
55505
55526
55585
55823
55826
55686
55178
55180
55181
55182
55184
55185
55741
55744
56123
56124
56125
56126
56127
56128
55448
55449
55451
55540
55837
55840
55850
55961
55963
55964
55967
55970
55974
55975
55997
55999
56005
56007
56008
56010
45501
44478
31567
30808
55545
56174
55023
55036
55038
55140
55141
55153
55157
55163
55164
55282
55283
55285
55318
55508
55725
55942
55866
55867
55908
55909
55916
55917
55918
55919
55920
55046
55048
55051
55301
55302
55307
55350
55789
55025
55035
55037
55604
55605
55763
55783
55784
55387
55921
56046
56172
55522
55523
55653
55662
55670
55671
55907
55930
56067
56074
56077
55022
55032
55507
53594
49012
49013
48857
48859
48860
48861
48862
48864
48866
48870
53178
53199
53206
53361
53364
53365
49949
54602
54604
54606
54608
41907
41908
43120
36666
36665
42687
42688
42689
32071
32072
32073
32077
32079
17230
17231
49171
49188
49189
49198
52734
52736
52737
31319
52880
52877
52966
52967
53030
53137
53138
53139
53148
53429
53430
48830
48832
52785
48357
48358
52176
52177
52327
52329
52330
52396
55264
55401
55402
55403
55461
55462
55463
56117
55483
55561
55770
56011
56154
55417
55790
55893
55895
55906
55476
55479
55747
30747
43399
48603
49610
51005
51006
49936
49937
49946
49956
49957
50916
48985
48988
48989
48995
48996
48998
48999
49000
49003
49004
49006
49007
55506
55100
55109
55115
55314
55320
55359
55657
55558
55667
55668
55726
55731
55734
55193
55194
55202
55453
55571
55589
55617
55632
55739
55775
55902
56133
56166
55118
55287
55288
55289
55290
55439
55440
55450
55529
55530
55531
49541
49588
49587
49778
49779
49787
49797
55779
55884
55885
55886
56164
56171
55286
55291
55292
55293
55295
55364
55376
55661
55767
55768
55923
56143
56145
56146
56148
56149
43739
43741
43776
43777
46523
46525
46734
46106
48009
45549
44655
43835
30551
44159
45541
48044
37929
45064
48342
48153
16534
44587
55672
55748
55749
56129
56153
55044
55736
55931
55933
55935
56079
56080
56081
56082
55177
55183
55189
55195
55196
55197
55396
55566
55857
55860
55863
55864
55865
55568
55569
55570
55591
55594
55629
55818
55820
55822
55832
55871
55294
55304
55586
55635
55804
55879
55880
55881
55882
55934
55936
55938
55940
52857
52861
52865
52868
52869
52871
52875
52976
52978
52979
52980
52981
52982
52983
52995
52998
53003
52377
52378
52379
52380
52381
52382
52383
52384
52385
52386
52387
52389
49631
49637
50656
51261
51267
51268
52356
52357
52359
52360
52361
52362
52886
51731
51732
51733
38006
42735
49656
49657
52226
52227
52229
52232
52261
52267
52270
52273
52274
52291
52339
52340
49706
48018
48020
48021
50629
51043
41224
36672
36674
36676
36680
42726
42728
45263
42892
43791
45272
43663
44071
43534
30096
49776
49777
49780
49781
49826
49836
52376
52656
52724
53339
53341
53343
52819
50971
50976
50977
50979
50981
50984
50987
50988
50989
53596
50997
51001
51002
51003
51004
48895
48896
48897
48898
48899
50982
51838
51841
51847
51857
51867
51877
56180
52904
54946
54948
54953
54968
54977
54983
54984
54985
54986
16912
16914
41324
41544
41607
41608
41614
42573
42575
42576
42577
42578
50786
50788
50807
50808
50809
51728
52138
52142
52148
52152
52563
52602
52603
52607
49399
49400
49406
49407
49408
51089
51090
51092
51093
51100
51117
54943
48965
48966
48967
48968
43494
45228
31047
43564
43403
43490
52019
52397
52398
53231
53346
48836
48867
48868
48869
48880
48891
48892
48893
52938
52941
53000
53088
50863
50864
50865
49986
51468
51470
51487
52137
52151
52932
52935
52936
52939
53371
53375
53385
52916
53047
53048
53049
53050
53057
53058
53059
53060
53061
53063
51074
49199
49203
49204
49205
49206
49207
50669
50676
50677
52127
18002
18003
18004
18005
18006
18007
18008
18009
18010
18011
18012
18013
18014
18015
18016
18017
18018
18019
18020
18021
18022
52050
52891
53089
48379
48400
48324
48325
48327
18038
52803
52804
52805
52806
52814
52870
52881
52895
52942
52968
53247
52882
52901
53240
36702
36703
36704
36705
50866
50870
50871
50876
50877
50881
52973
52974
52975
53344
53347
53414
18040
18041
18042
18043
18044
18045
53230
53436
53449
53453
53454
53456
53212
53218
53254
53266
17232
17233
17234
17235
51045
51046
51056
51058
51878
51907
52036
52052
52053
52054
52055
52057
52058
52062
45531
47265
43511
43603
48172
48629
48079
43513
30923
37129
43372
35096
52864
53314
53320
52725
52727
52729
18046
18047
18048
52786
52788
52789
52791
52796
41124
51077
52017
52018
53122
53134
53136
36701
50627
53366
53367
53368
49540
49542
49543
50843
50844
50854
52081
52082
42736
52954
52956
53399
53404
53405
53406
53409
53121
53401
41754
37988
41757
41762
40060
40047
41763
45303
52770
52790
52764
52765
52903
53173
52781
53142
53147
53158
52827
52828
53066
53071
51769
51807
51977
52730
52731
52732
52733
43519
37322
43448
48125
44091
31210
43659
53287
53291
52898
52899
52900
52909
52914
52915
52917
52923
53090
52023
52160
50831
50832
50836
50837
53237
53239
53245
53311
53313
53448
48856
44105
44107
44109
44116
44130
53381
30233
31207
31106
17372
17373
17375
42792
42793
42795
42796
42797
42798
42801
42802
42807
41326
41365
41366
41369
41385
43100
43115
43118
49536
31595
37803
37805
43326
43327
42935
45240
45242
45243
45244
45246
45248
45249
45250
45251
45252
43166
31435
49096
49107
50939
50940
50941
53073
52787
52792
52795
42938
37599
43055
42623
42640
42667
42668
42669
50926
51101
51171
51172
52063
52065
52746
52750
52815
52816
52883
52884
52885
53370
53372
48839
48838
50894
50897
50901
51448
51547
51558
51567
51577
51587
51597
51598
51617
51747
51748
51767
51768
52020
52021
52625
50466
50476
50486
50506
50507
50716
50726
50727
50736
50761
52399
52402
52404
52405
52406
52407
49167
49170
49186
49187
49196
49197
49202
49926
49947
38121
32070
17475
30192
43995
44498
30170
30177
30180
31337
53384
53386
36527
36529
48168
48177
48178
48179
48180
48181
52051
52059
49409
49410
49413
49437
49446
49448
49449
52141
52309
52314
52511
52513
52520
52521
49686
48353
49317
49326
49346
49356
49357
48380
48381
48382
48383
48386
48387
48410
48767
48768
48769
48772
48773
48774
48775
48776
47989
50859
50860
50861
50862
49522
49539
38060
37996
37414
37423
50886
50892
50937
50951
50952
50955
50956
50957
50958
50959
50961
50962
50963
50814
51063
51065
52760
52351
52352
51217
51218
51219
51344
51345
51990
51991
51993
51994
51995
51998
52008
52027
52029
52043
53292
49360
49526
49527
43524
43619
16643
16646
30237
43073
41610
41968
17404
41833
43266
41891
41898
41741
49035
49036
52287
52288
52289
52290
52292
52293
52294
52295
52296
52297
52298
52299
52300
52301
52302
52303
52304
52305
52306
52308
52310
52311
52315
52320
52230
52233
52234
52236
16949
31887
31888
31838
31840
31841
37187
37189
37191
37192
37194
37196
37198
37199
37138
37142
31615
31618
31621
31622
31625
31626
36811
36813
36814
36817
31127
31128
31132
31141
30556
30560
48595
47249
48043
48154
48258
30972
31371
30276
31383
31407
45484
45485
45486
45488
45491
43838
53469
53508
31886
53511
17414
17417
17418
17419
43462
43464
43468
43470
43471
43502
43504
43507
43509
30659
38716
37675
16851
16855
16856
16857
41081
48198
48199
48200
48212
48264
48628
47149
48171
43622
43624
43627
48594
52155
48598
16509
16511
31695
31696
31697
31698
30133
53536
53600
53603
53756
53757
53492
53494
37965
37966
37970
53395
17242
40029
17253
17093
35164
36518
45280
43358
43359
30834
30835
30836
30838
30841
39902
41628
41629
17156
17157
17158
17160
17162
17163
17164
17166
17167
17170
17171
36572
36573
36574
36575
36576
36577
36578
42633
42634
42641
42643
42644
41773
39940
48182
48183
48184
51467
52237
50942
50943
50954
52173
52180
52193
31578
50168
50169
50187
50209
50216
50226
50256
50257
50258
50259
50260
50266
50276
50286
50298
50326
50347
49376
49378
49379
50556
50566
50568
50569
50586
50597
50902
50904
55319
32018
32020
32021
32024
32027
32028
32030
48407
48409
17457
17458
17459
17461
37003
37005
37007
37008
37009
37010
37011
37014
37016
44064
44383
44986
43711
43712
43738
43740
43750
43821
43830
43839
46729
48112
48209
48210
31884
43849
43876
46760
46761
43811
43812
43816
43817
43819
43823
43853
37002
38329
38336
36838
36840
16650
16651
38184
38187
38188
38194
31593
53546
53547
53694
53699
53702
53706
53719
53720
53491
43634
39906
43985
44804
16929
16930
16932
16933
16934
16936
31911
31914
31921
31922
17438
31096
31097
31098
31100
30513
30515
30516
30517
30521
30522
30524
30527
30529
31556
17403
17407
17409
17410
17411
17412
31438
38195
38197
38198
30307
30309
40178
40186
40187
40188
40190
40191
40193
17248
17249
17250
41446
41468
41470
308
42671
42672
42901
42910
36776
44980
36460
36464
36468
35439
36687
36688
36689
36690
36691
17261
17262
17263
31576
40059
51457
17025
17027
53394
41384
300
37953
37955
37956
37958
37960
43096
43515
43521
43523
36849
36851
51469
51471
51488
51489
41626
41631
41632
41635
41636
41637
41265
41972
41973
17361
45256
41247
41305
41469
301
42679
42681
42682
42684
42685
41771
43805
43381
41405
41425
41427
41993
42564
42566
42567
42568
42571
30992
31108
31114
31116
31117
31119
31120
30532
30535
30536
30539
49760
50176
50186
50189
47260
47262
47263
30775
30776
30777
30779
30782
30686
30687
30688
30690
30691
30692
30695
30696
30697
37050
38196
53839
53847
53504
53575
53576
53577
53578
53589
53591
53742
53743
53775
53776
53656
53581
53586
53620
43630
43631
43632
43647
43649
43650
30455
44029
47965
47974
16565
43987
31471
31472
31473
30151
56122
30813
30814
14959
14960
36996
36997
53918
53936
53937
53925
53926
53935
53940
53838
53826
53828
53830
53831
53836
37149
37151
37156
37200
37201
48035
48037
47272
43629
30713
30716
53557
53560
30328
30329
53495
53468
53471
30540
30541
30552
37328
37330
37331
37332
37333
37336
37203
37204
37206
37209
37214
46735
46736
40112
16462
36706
44081
44083
44585
36537
17123
16803
16951
16840
17239
16569
37622
30023
30752
30021
30201
30076
30280
43615
43653
43654
43657
36853
43697
43708
43756
43758
31817
31835
16630
16640
36507
52238
52239
35190
30487
30268
30349
48616
53848
53852
53666
53854
53864
53865
53855
53856
53857
53858
53859
53860
53861
53862
53863
53874
53875
53876
53877
53878
53879
53880
53882
53883
53884
53885
53886
48560
48764
48024
48293
48294
48295
48296
48624
48625
48626
48627
48194
53512
53635
53645
53667
53670
53671
53673
53732
53734
53740
53811
53813
53545
53568
53569
53675
53686
53688
53728
53729
53730
16644
16645
16647
16648
40031
40032
40033
40034
31474
31475
31478
31480
17443
17446
17447
17448
30561
30563
30567
30389
30390
30392
30399
30400
30554
47164
52441
47257
47259
53528
53529
53544
53798
53637
53640
53791
53823
53825
53829
53832
53833
48599
45275
45276
44174
44524
44623
48077
48078
48080
48081
48082
47993
47994
47996
48041
48045
48047
48068
48070
48071
48084
48086
48087
48268
53956
36800
36807
36808
36810
36844
36845
36847
46714
49008
50990
53695
53707
53708
53709
53710
30625
30626
31197
31199
31203
30576
30580
30581
30583
30584
42317
30631
30632
30635
38179
38180
38181
36923
36927
36929
30257
30070
30072
30074
30075
30081
30082
30083
30084
31189
30241
30243
43714
43829
43831
43833
30490
30531
30537
31077
31271
31279
31280
31282
31032
31034
30504
30506
30507
30282
31194
50207
53887
53889
53898
53900
53901
53902
31990
31991
31994
31995
31996
16884
16885
16886
16890
16892
16893
16894
16895
16897
16899
16900
16903
16904
53713
37394
37310
37312
37317
37320
37321
35122
43342
50964
51035
51037
51038
51039
51823
51824
52026
52039
52040
52041
52045
52046
44682
43953
44847
44849
46716
46717
46718
30168
30678
30296
30297
30298
30304
53802
53803
53570
53804
53809
42185
36742
36745
36746
36747
44074
30274
30812
30471
30968
45503
46115
46116
46117
51820
48280
45041
45042
31760
31762
31763
31764
31765
31766
31767
31768
31769
31770
31771
31773
31774
31776
53751
53752
53754
54027
53938
53939
53942
53943
53946
53947
53948
53903
53905
53906
53912
53924
53945
53953
53964
48149
48573
47146
47147
47225
47226
47230
47231
48165
48169
48170
48064
48065
48066
48136
48138
53549
53550
53556
53464
53505
53840
30553
30368
30377
56140
41905
17376
17378
17379
17381
43187
30693
30676
30680
16838
16799
31304
31307
31309
31064
31065
31066
31070
31071
43382
43386
43387
43392
43395
43397
44076
17031
35126
42348
30912
30422
30423
30425
30426
30428
30430
30432
30205
30207
30208
30346
30350
30351
30353
30356
30359
30360
50206
30169
47242
48586
48588
48536
48537
48541
48542
48766
32094
31369
39928
43751
43752
43753
39925
39921
43785
43807
43809
31913
50666
50667
50668
50686
50998
52612
52614
52615
52618
52621
52626
52628
52630
52631
52633
52634
52638
52639
52642
52643
52644
52647
50828
43988
44390
31298
38079
38081
48028
36816
14954
35549
17420
36841
35541
35546
30148
30150
31227
31228
31230
30586
30587
30588
30591
31332
31334
30002
30005
16622
16637
16639
31800
31801
31808
31809
31811
31814
37111
37112
37113
37117
37119
37120
37125
37126
30402
30405
30166
38369
38173
37227
43616
44525
53842
53843
53850
53543
53668
53527
53540
53541
53542
53627
53631
53473
53783
53784
53558
53785
53488
53498
53500
53502
53507
53510
53515
53959
53962
53989
54017
54038
53917
53506
53561
53563
53565
53566
53567
53574
43105
43106
30384
45120
45121
44520
30847
30119
45141
45142
52203
52204
52206
52208
52253
52260
52262
52263
52264
52269
50046
50066
50076
50077
47956
47978
53609
53610
53611
53613
51967
52085
52087
52088
52089
52103
52104
52105
52106
52107
52108
52117
52120
52121
52122
52128
52130
52145
39957
30209
30214
30217
30218
44563
44643
44399
37913
31151
31153
31154
31160
31163
31164
31165
31167
31236
31240
30883
30885
31048
31049
31052
41404
36805
36804
43175
43228
40157
40158
53622
53834
53835
53629
53851
53817
53768
53490
53516
53697
53701
53703
53704
53726
53770
53764
55101
55724
55812
56157
56158
56178
55045
55265
55415
55611
56155
18053
18054
55541
55612
55615
55616
55630
55764
55766
55982
56027
56029
56068
56070
56073
55553
55583
55687
55700
55701
55702
55703
52649
52651
52652
52653
52654
52659
43780
43782
49201
49678
50137
37217
31648
31649
31653
31658
31659
31664
16641
16642
52527
52528
52529
52530
16549
36749
36750
42005
42007
48911
31514
31515
31192
31303
30433
35151
30456
31528
31539
51817
30744
31104
30753
30767
31374
31361
48299
48300
48359
48360
48361
48362
48363
48394
44088
44592
44644
53643
53644
53837
52149
53705
37240
38164
38165
38166
38167
38170
38177
31582
31584
31585
31586
31588
31589
31590
31591
17462
17463
48150
48151
48152
48219
48220
48221
48222
48224
48225
48227
48229
48230
43292
43293
43294
43295
43296
43297
43298
43299
42921
42926
42930
42931
43813
43077
17334
17013
17118
53765
36860
36862
36863
36868
51033
36869
36873
35018
51897
51898
52216
52223
52225
52453
52542
52543
52545
52547
52548
52551
52553
52554
52555
52556
52557
52558
52559
52561
52562
52564
52565
52566
52569
52570
49746
49759
37341
37342
37346
37350
16807
16539
16540
31666
44085
50146
52115
52147
53503
53744
49677
53731
43814
43544
30931
38131
30733
55106
38205
40074
42811
43361
16925
55305
56062
42954
44017
30606
49095
55637
31357
53621
49724
52519
55275
56104
30358
55792
56139
55816
37246
48352
53853
53489
53769
53551
53552
53559
53562
53630
53624
53625
53721
53460
53466
53602
53628
691
53698
53700
53978
53999
54007
54008
54009
53929
53930
53931
53932
53933
53934
53914
54107
53967
53971
53972
53987
54018
30154
30155
30159
30160
30165
30600
30602
30603
50933
51207
51819
51822
51825
51826
49236
49246
49257
50776
50777
50787
50945
50948
50950
51107
51178
51868
51917
51938
51947
52409
52410
52412
49687
49696
49697
49698
49716
43426
43446
43449
43451
43455
30317
30321
30324
30326
30327
30929
30930
30935
30937
30941
30943
30945
30946
44353
44564
31243
40122
43512
43599
43600
43601
43602
43604
43605
43606
43608
43609
43611
43589
43633
31946
31950
30140
30141
30145
30846
30848
30850
30851
30852
30853
30856
30858
30859
30861
30699
30700
30703
30706
30707
30709
38125
38130
38132
38133
38136
38139
17421
17369
30737
30739
30746
30748
50156
50157
50166
50236
50237
50287
50296
50316
50336
49846
49876
49877
49886
49927
53168
52933
52934
52986
53036
53041
53107
53114
53117
53120
53144
53155
53160
53170
53171
55664
55673
56075
56076
56078
55412
55424
55759
55103
55105
55108
55117
55119
55386
55391
55392
55518
30605
30607
30611
30614
30615
31121
53941
53916
693
54047
54010
54011
54012
53919
53920
43366
42854
36765
36766
36767
36768
36772
39919
36779
36780
36781
36782
36784
36786
36789
36791
31559
31560
31561
31562
31568
31569
31570
30803
30804
53380
38202
38204
38206
38207
38208
36882
36883
42504
43377
17370
38161
38192
38245
31092
37782
37781
38022
46758
46759
43976
43977
43979
42509
42512
42514
31338
31339
31340
31341
30844
30845
42012
43546
43548
39938
39918
39911
39927
40160
40161
40162
40168
40170
30871
30872
30873
30876
30877
30489
30491
38008
36889
36890
42810
42813
30749
30750
38014
38015
39833
16872
16867
44685
43795
17225
43314
43315
43317
43066
43068
43070
43078
43080
16982
16902
17029
43134
43135
42675
42676
42677
36792
38099
38101
38108
36897
36898
36901
36904
36905
36912
36915
31241
31244
31246
43365
46705
44104
37587
32043
16924
16927
55519
55601
55603
55780
56013
56119
56120
56134
55126
55128
55129
55130
55131
55135
50337
50346
50822
50823
50824
50827
55525
55527
55538
56099
56100
56101
56102
56121
56162
55452
55581
55613
55813
55848
55849
56066
56183
56184
55303
55384
55395
55405
55407
55742
55868
56063
20312
20313
48101
48111
35536
30679
30681
30171
30172
30175
30176
30178
30184
30186
30188
30620
30621
30624
52531
52532
52533
52534
52535
52536
52537
50376
50416
50426
50436
50437
40127
48916
48917
48918
48925
48926
48927
48928
48929
48935
42704
43332
41997
42838
43053
42697
43873
43114
50929
42814
42815
17655
37797
37798
37802
38115
31493
31494
31495
30259
30262
30266
30269
30270
30273
30091
30093
30094
31360
30862
30864
30866
30869
43168
51032
37699
37700
37711
31248
31250
39813
39814
39816
30755
48569
48570
48571
48572
48012
48235
48236
31915
31402
30585
16481
30099
30092
30655
48242
48291
16928
32088
32089
16671
48617
47236
47238
47239
47240
47241
30758
39832
39915
49727
49728
49736
49756
49765
49766
50056
50087
50126
50136
50148
50167
16499
31699
31700
31701
31703
31706
31712
31714
49037
49038
49055
49057
49058
49059
49075
49086
49088
49089
37351
37355
37356
37357
37358
56064
56131
56135
55249
55251
55409
55410
55413
55414
55655
55663
56069
56071
56181
56182
55521
55592
55776
56014
56015
56156
55261
55423
55874
55875
55209
55210
55212
55831
55817
55136
55138
55156
55158
55765
55771
55774
55858
55859
55861
55862
55606
55743
55819
55821
56118
55229
50930
51137
51167
51168
51169
51170
52010
52024
52025
52031
52032
52328
52337
52338
52341
52342
53733
53605
53724
53725
53735
53736
53737
53738
53741
53767
16554
16555
16556
16557
16937
16938
16939
48591
45045
45046
45047
30436
31353
30406
30199
31364
43914
43919
43921
43924
48314
48315
48317
48318
48319
48320
48575
48622
48630
48632
48633
48634
48635
48636
48638
48647
48653
47232
47233
47234
47235
47953
31978
31980
31981
51507
52416
52417
52418
52419
52427
52428
49717
49718
49719
49720
49721
49722
49723
49726
52499
52501
52514
52515
52516
44233
44037
44039
48257
48582
48601
47971
47972
47973
48129
48167
47250
47251
37404
37579
16775
31972
53580
53616
53636
53716
45519
45520
43401
43405
43407
43473
43475
43477
43483
43484
46744
46745
44035
44063
47253
47254
47952
48270
48271
48343
48405
48406
55278
55281
55233
55241
55446
55482
55497
55516
55590
55752
55814
55815
55873
55876
55905
55950
56017
56035
56132
55116
55211
55213
55218
55220
55914
56072
55404
55426
55437
55852
55854
55855
55856
55883
55887
55888
55388
55389
55390
55393
55447
55460
55488
56105
56107
56108
55554
55565
53792
53801
53606
53615
53623
53676
53677
53687
53692
53777
53778
53572
53634
53518
53657
53658
53921
53928
54013
54015
54028
53908
53988
54016
54058
54097
53954
53955
53957
53958
53960
53961
53966
53922
53910
53601
53604
53696
53472
53474
53475
53476
53907
53944
52522
50879
50880
50882
50883
51088
52066
52067
52072
52097
16881
16882
16883
31879
31882
53534
53535
53539
53579
43380
43385
45309
45310
45311
45312
45313
53810
53846
53477
53690
53693
46310
37135
44093
44094
44095
44154
44298
44300
44302
30375
30247
46739
43984
43986
45937
55284
53201
53202
53400
52879
52661
52664
52672
52675
52676
52677
52678
52679
52680
51277
53390
36511
36513
36514
36519
36522
47350
43695
43715
43735
56057
55165
55167
55168
55170
55172
56144
56147
56150
56152
55073
55074
55076
55427
55532
55651
55793
55794
55795
55796
55797
55798
55599
55638
55656
55242
55399
55400
55636
55782
55842
55889
55890
55896
55313
55419
55431
55435
55436
55481
55705
55706
55716
55718
55723
55898
55941
56012
56037
56160
56176
56177
55139
55142
55146
55148
55150
55152
55154
55271
56142
55464
55465
55878
56163
55633
55758
56041
53963
53965
54119
54117
54118
54057
54067
54087
37424
37635
37642
31406
31408
31409
31410
53461
53723
53758
17471
37020
37023
37024
37028
37029
37034
37035
38248
51508
51509
51510
51511
51527
51528
44586
43536
43774
40165
37243
37245
37248
47979
47980
47981
47988
48140
48141
48556
45938
45939
16942
16943
16944
16945
35041
35043
40041
40042
40044
40046
40048
40049
40050
40051
40052
40053
40055
40056
40058
38090
40125
40129
40135
42460
42468
42046
51377
31537
31538
31541
31547
31548
31549
31551
31954
30756
30759
30760
30762
30763
30765
30769
30774
42406
30887
30890
30891
30893
55799
55800
55870
55872
56001
56002
56006
55502
55503
55394
55474
55600
50829
38447
17472
48205
31264
51359
51360
52477
52478
52479
52480
52481
52482
52484
52485
49516
49517
49519
49520
49521
49523
90218
90219
90220
90221
90222
90223
90225
90226
90227
90228
90229
90230
90232
90233
55055
55068
55315
55544
55642
55643
55645
55781
30771
41777
90224
90231
52635
36510
48254
40253
30800
31527
36737
90384
30015
43459
41752
90428
45124
48589
30973
43556
38244
48890
30826
38314
48095
55869
52688
52699
31558
47270
37234
31063
30498
47977
48395
48396
48397
48399
48416
48417
48563
48564
48565
48568
48110
48114
48115
17465
52343
52344
52345
52346
52348
49796
49806
49816
51499
50526
50536
51060
51076
51078
52445
52517
52518
52523
52524
52525
52617
52619
52703
52704
52705
43682
41783
41784
30393
30542
31804
30413
30362
30711
30374
30712
48135
44158
50746
50757
50758
50759
50760
50815
51338
51346
51367
51390
51407
51408
42873
42887
37808
37809
37811
31389
31391
53396
36579
36582
36585
36587
52429
52432
52437
44984
47746
48936
48937
48938
48939
48940
49137
49138
90234
90235
90236
90237
90238
90239
90240
90241
90242
90243
90244
90245
90246
90247
90248
90249
90250
90251
90252
90253
90254
90255
90256
90257
90258
90259
90260
90261
90262
90263
90264
90265
90266
90267
90268
90269
90270
90271
90272
90273
90274
90275
90276
90277
90278
90279
90280
90281
90282
90283
44135
38051
55953
43684
39930
44625
16773
38695
32034
32037
32038
32040
32041
32042
17119
52572
52599
52600
52604
52605
52608
52609
52610
53659
53678
53689
18050
18051
18052
53582
53583
53585
53639
53641
35967
35968
35969
48592
48593
48155
48189
48190
48191
48192
48193
47268
48008
48344
49139
49146
49155
49157
49165
35022
35031
37427
37428
37435
37436
37515
37521
37523
37524
37526
37527
37528
37532
16986
37667
17287
17295
36489
36499
16901
50906
50907
50909
50911
50912
48644
48218
46311
48388
53747
53750
53485
53487
53660
53462
39821
40250
38347
40016
40017
40018
90284
90285
90286
90287
90288
90289
90290
90291
90292
90293
90294
90295
90296
90297
90298
90299
90300
90301
90302
90303
90304
90305
90306
90307
90308
90309
90310
90311
90312
90313
90314
90315
90316
90317
90318
90319
90320
90321
90322
90323
90324
90325
90326
90327
90328
90329
90330
90331
90332
90333
90334
48334
48014
48088
48089
36824
36825
36826
36827
36828
36829
36830
36831
36832
30939
30790
30656
30682
30875
30868
30689
31006
30120
30650
53759
53760
53761
53762
53478
53520
53727
53638
53646
53749
53499
53501
53514
53530
53533
38355
30795
30797
30799
30801
38150
38152
30658
30660
30662
40020
40021
40023
40024
40025
40027
40030
48260
48261
48262
48263
48265
48266
48267
44781
43107
45511
45512
45515
52244
52245
52250
52251
52252
52254
52255
52276
52277
52278
52279
52336
52413
52414
52415
17035
38228
38230
16920
37329
31521
31523
31529
31531
31533
40040
36728
36736
90335
90336
90337
90338
90339
90340
90341
90342
90343
0
90345
90346
90347
90348
90349
90350
90351
90352
90353
90354
90355
90356
90357
90358
90359
90360
90361
90362
90363
90364
90365
90366
90367
90368
90369
90370
90371
90372
90373
90374
90375
90376
90377
90378
90379
90380
90381
90382
90383
90385
30100
30102
30105
30108
30109
30111
37064
37066
20315
17094
17106
17108
17109
17110
17111
17113
31191
31196
31257
31262
31263
31266
30906
30409
30410
48116
48117
48118
31867
37247
38231
38239
37027
37033
36986
31833
37259
37269
37053
37224
37225
37226
37229
37230
37231
30865
30975
31365
31379
30888
35451
36738
38318
30336
40120
40121
40124
45709
44057
44058
44299
44301
43522
43526
43527
43531
43532
43535
43539
43541
43542
32022
32032
43625
43626
43628
30623
30612
30582
30479
30185
31135
42513
31036
30060
30089
30770
30256
30255
43457
43461
37944
36453
36454
41747
41748
37784
17055
37508
30999
31003
90386
90387
90388
90389
90390
90391
90392
90393
90394
90395
90396
90397
90398
90399
90400
90401
90402
90403
90404
90405
90406
90407
90408
90409
90410
90411
90412
90413
90414
90415
90416
90417
90418
90419
90420
90421
90422
90423
90424
90425
90426
90427
90429
90430
90431
90432
90433
90434
30283
48412
48413
48414
48545
44128
44385
36751
43660
43683
48143
48144
48145
48146
31868
31870
38433
43703
43705
39939
43749
30014
30008
30757
30780
52611
55847
44780
44807
44846
31412
35166
31413
52049
52069
52079
52449
52450
52451
52490
52491
52494
52495
52496
52498
43480
43498
43499
31008
31009
31011
31012
31013
31014
31016
30439
30440
30442
30448
30449
30451
30452
30224
30225
30228
41509
40140
36699
17154
17155
31392
31393
31396
31397
31398
31105
42135
42141
30016
30017
30022
30024
30025
30027
17028
43287
42955
42959
42960
48238
45492
46529
48040
48241
48197
48534
47256
30285
30988
30989
40149
40150
40155
40156
39923
39929
39931
39932
30729
30731
30963
30245
30246
30248
31215
31217
31218
31222
31224
31293
31296
31301
40230
31078
39862
30718
30719
30720
30722
30725
30726
30012
38306
40013
40014
38053
38057
38059
36764
39897
30638
30639
30966
30976
30977
30978
31366
31367
45125
37188
30325
30312
30300
30271
30981
30892
30874
30879
30867
44861
44982
36812
37301
37756
31878
31979
16887
16898
37315
37323
51937
51957
51958
44384
44603
44254
17191
40057
16891
31327
31330
31083
31086
31090
30314
38064
40104
40107
40123
39914
39924
30794
39677
43466
30167
43656
49267
49276
49277
49286
49336
49337
49359
49366
49377
49386
49387
49397
49398
49411
49416
49417
49418
51517
51548
51549
52272
52275
52280
52282
52283
46304
38375
31885
37476
31976
31977
52284
52285
37533
37636
37641
37649
37586
38232
38233
38234
38235
38236
38241
38242
36855
31368
16638
48615
48770
48004
16979
43514
16658
49568
49616
49617
49626
49627
49628
49629
49630
49632
49636
49638
49646
49647
49648
49649
53091
53094
53096
50986
50992
50995
50996
51097
51098
51099
48840
48850
48853
48858
48863
48865
52911
52912
52955
52957
48834
48835
48231
48259
53812
53814
53815
53816
53818
53819
53841
53597
53599
51409
51417
51427
51451
37720
37721
37723
37724
44583
44584
36842
36670
36835
42973
16853
43099
43103
43104
16601
42097
37039
37046
37048
37051
38269
38292
38293
38117
30916
30917
30921
30926
41083
42491
42502
31511
31040
31042
31043
31155
31137
35531
31099
31093
31079
31039
31037
48091
48094
47245
47229
48559
48029
48031
48032
48033
48038
30114
30115
30121
30125
30126
30127
30128
30129
31310
31314
30414
30418
30189
30191
30193
30197
30816
30343
30947
30668
30671
30673
31211
17662
17673
39676
42327
40004
40005
40006
40007
40008
52168
52171
50810
50811
50812
51887
37710
17258
17051
37510
36465
17105
17112
37826
17034
48269
48298
30860
43378
43383
43384
43388
43479
43288
43289
43290
43291
31318
31320
31321
44740
38301
45069
38238
47997
47998
48000
48102
48103
48104
48105
48107
48096
48098
48099
48100
48159
48894
52874
55827
55828
55829
55830
55602
55608
55697
55707
55709
55711
55713
55715
55720
55722
55927
55928
56003
55593
55646
55647
55648
55689
55692
55694
55696
55698
55699
55708
55710
55712
55714
55719
55721
55760
55761
55785
55786
55787
55788
56065
18085
18086
18088
18087
18090
18089
31046
37726
32082
32084
32085
32086
32087
17052
17053
17054
45259
45261
45262
52047
52048
52161
52170
52192
52194
52197
52198
52199
52202
52201
52210
52211
52212
52224
49216
49226
52640
52641
52658
52660
52682
52683
52684
52685
52686
52687
52690
52692
52695
52696
52697
52698
52701
40009
40010
40012
31268
31018
31024
31025
31026
31027
31028
31030
31031
30878
42311
42404
31385
14965
38271
40098
30950
30951
30955
30956
30958
30959
30961
31342
31344
31345
31347
31351
30087
30751
30049
45144
45146
45147
45160
45162
44941
40172
31545
36857
45717
45720
44125
44133
44134
35537
48160
48161
48162
48163
48164
45062
36520
45063
40194
53607
43879
43882
305
16523
40082
31624
32068
31614
31575
44629
44255
30313
30323
30708
31278
31219
30705
43956
43957
43961
31352
31354
31355
37787
41724
41742
41750
41852
30727
17431
17436
42336
38047
36709
36711
36712
36718
30380
30388
30030
55484
55480
55555
55557
56039
56106
55027
55030
55033
55034
55438
55441
55727
55728
55753
55754
55853
56019
55041
55042
55248
55639
55640
55641
55803
55806
55808
56018
55084
55085
55088
55091
55496
55543
55654
55745
56056
56096
56097
55075
55274
55297
49817
49827
56138
56170
55096
52812
53258
51044
53108
53067
44114
49105
36528
48278
36621
52228
31836
45489
17415
53718
39937
48408
36839
38191
17405
17413
37964
30530
53588
43651
30714
53496
16521
30575
36843
43742
31205
51034
45026
48067
30913
30202
48139
36475
16968
43469
53012
52855
43307
52889
16935
54761
45267
54558
41991
41892
42698
54811
48577
37299
48274
45225
31563
44404
41983
54152
43843
31450
42321
16972
39935
17408
30434
37618
37880
48376
48273
44544
41845
40091
52622
31813
53573
43478
43501
17015
54799
54809
54672
50817
43815
37645
17007
40087
31757
43454
38058
37270
17220
17302
42800
42791
45021
52370
49427
52782
17290
30595
37514
46305
54196
51239
52350
41679
42775
53192
51048
30477
49127
49667
30149
43188
55801
55267
17335
43142
32062
18031
48049
52471
56004
55891
56061
53443
53321
55915
56087
55677
55609
56059
55966
55306
49948
52169
49005
55778
43884
56130
55937
52364
49786
41306
46509
43960
51066
48326
