41632
301
41405
31119
37331
44081
30023
31817
50186
30691
53577
43630
16565
14959
53828
30601
30301
46768
50817
44723
45306
31923
43878
36846
37164
36678
30079
43992
16813
43975
46511
37483
37911
31857
38270
44188
31680
43572
37568
45081
37395
16908
37413
37292
48365
40167
43671
54210
54227
54274
54404
44176
44117
41966
43033
17319
41699
52038
55676
55685
55971
18076
18084
55634
55176
55979
56095
56109
55504
55184
55837
53162
49045
50787
51917
43446
30929
38192
42509
43548
40170
42813
30262
30869
48570
30585
48622
47233
52428
52501
37156
48037
30716
53560
53496
53556
30553
30377
17381
30680
31304
31064
52155
53603
17093
39902
17171
39940
30487
53861
53880
48294
53670
53569
40034
48555
50876
18043
53258
52053
43603
18046
52791
52868
52995
52385
52360
51733
53752
53905
32041
53678
35968
47268
36827
30120
53749
30658
17109
48117
37033
31379
43660
30757
55699
55869
55484
55728
55641
55543
55096
55611
55982
52652
50137
49877
53114
55412
90344
31800
37120
37227
53631
53962
53574
30626
30584
30074
30531
30507
31994
16899
50964
52039
54865
53074
43306
37861
17200
52992
52905
54612
54621
17082
36478
31638
43329
54538
54563
31715
16771
16572
38411
37307
44359
44903
38097
35196
44519
43925
36802
48339
30870
37060
53405
53409
53401
41757
40047
45303
52764
52903
53142
52827
53066
43786
31002
31044
48420
48623
48052
48055
48122
43517
43591
30766
30761
46531
44129
45101
43746
31300
48642
48649
48760
47963
48204
48208
43538
43545
43552
44161
30577
30419
16845
16849
43496
53226
43487
43497
43503
43510
45060
48233
31617
35099
36990
36991
36995
31631
31436
36684
37950
41104
42828
42597
54317
42722
42905
43126
43350
43352
43337
43340
54222
54199
54213
54453
54466
17206
37999
38002
36506
17012
17023
41106
41668
41684
41672
43313
54137
54145
37554
37480
35146
37765
54205
54798
54800
54806
54808
54810
54614
54650
54652
54655
54658
54661
54665
54668
54191
37774
41677
54445
17218
17224
17227
37484
35170
44596
43109
43116
43129
17497
30967
44016
42717
37539
54141
54180
54633
40028
17303
17306
17312
17318
54454
54534
54560
16896
42927
42747
17338
17344
17347
42763
42780
42789
54241
54244
44317
43854
46946
46949
37567
16842
16911
54280
54772
54776
54792
54188
46737
44921
45022
44122
32093
32096
37098
31713
45537
45539
47346
44053
44108
44111
44118
16958
43969
31107
31140
17107
37736
37646
48549
48613
48329
48251
45930
45932
51557
45182
45186
43989
45905
43555
31316
31543
31757
47966
48211
45913
43375
40169
48006
37356
37358
48257
47971
48129
53071
42938
43055
42640
51101
51172
52746
52816
53370
48839
50897
51448
51558
51587
51617
51748
51769
51977
52732
43519
48125
31210
52898
52900
52914
53090
52160
50832
53237
53311
53448
44107
44114
30233
31106
42792
42796
42807
41365
41369
49536
37803
43327
45240
45248
45250
45252
49105
50940
50943
52180
50169
50216
50257
50259
50298
50347
49379
50569
50902
55319
32021
32030
17457
43382
43386
43397
17031
42348
30422
30426
30430
30205
52084
52493
52267
52273
52339
48018
48021
51043
36676
42726
45263
44071
30096
49780
49826
52724
53341
50976
50979
50988
50997
51002
48895
50982
51841
51857
54946
54953
54983
16912
41324
41607
42575
42577
50807
51728
52148
52563
49400
49407
51089
51117
48965
46509
45228
43960
52019
50466
50486
50507
50736
52399
52404
52407
49186
49196
49926
38121
30192
30170
30180
36527
36529
48177
48181
49409
49437
49449
52314
52520
49317
49346
48381
48386
48767
48769
48776
47989
50860
49539
37423
50892
50955
50958
50963
51063
52760
51219
51990
51993
52027
52043
49360
36701
53367
49542
50844
52082
52956
41968
41833
41891
49036
52288
52292
52294
52297
52300
52302
52304
52310
52315
52228
52236
31888
31838
37187
37192
37196
37199
37142
31621
31626
36814
31132
30560
47249
48154
31383
45485
45489
53508
53511
17417
43462
43471
43507
38716
16851
52713
52368
52370
52375
49427
41760
37963
50928
51094
51287
49966
50006
50967
50973
52061
53235
53238
53419
53411
41917
52802
666
53271
53307
53092
53111
53782
53421
53425
52946
52948
49906
48986
49001
49009
52468
52470
52472
51439
51442
51445
51449
51717
51730
52077
50367
50900
51358
51378
52247
52259
53418
43064
43188
43828
50357
50362
50820
51174
52848
50873
50968
50970
51259
51279
51321
51339
17333
17336
43140
43300
52849
52920
53270
42729
49135
55945
56021
56024
56175
55191
55198
55206
55208
55223
55226
55802
56086
56092
55514
55926
56025
56028
18057
18059
18061
18055
55542
51041
52110
55597
55267
55269
55272
55520
18056
18067
56168
55397
55421
55843
55845
55053
55062
49065
49070
49072
55877
55563
56038
55988
55993
55425
55607
55756
55996
56009
56089
55159
55445
52424
52426
52433
55370
55380
55383
55627
55750
55133
55143
55416
55466
55892
55897
55040
55501
55582
55835
55899
56167
55432
51987
52442
17188
17194
37772
54916
52922
52970
30477
49091
49125
53078
37839
37842
54185
54251
54580
53383
43173
52408
52436
52443
52448
49666
50626
51982
51985
52235
52246
41769
42936
49496
50841
51628
51667
51727
52473
51210
52953
16990
30831
37254
30809
38075
31253
30458
50770
50772
51068
51071
52118
52158
32067
46741
53221
53032
52744
36557
42562
51240
49528
49537
49546
49606
49609
50596
50616
51979
51981
52271
52156
52321
52325
53264
53267
53077
17297
54165
53141
52776
53268
55614
52709
52715
52718
17671
17237
48092
40015
40019
42775
42783
42794
41105
18024
18027
53031
53034
53426
52747
53228
48133
43646
43666
43676
43680
49423
52817
53042
53340
52195
52316
51368
31480
17448
30389
30399
30554
52441
53544
53637
53823
48599
45276
44524
48080
47993
48041
48068
48084
48268
36808
36843
52499
52519
52777
52778
52929
53457
53123
52782
53037
53052
46953
44187
17058
17063
52823
49436
49456
50913
51278
51008
51010
51018
51021
51028
51047
51049
51051
52584
52586
52707
48977
50846
50848
50852
50855
52950
43824
43826
52800
53298
16992
16995
37686
32062
18028
18031
18035
53408
53177
53196
53210
53232
53451
52366
49488
52969
37005
37007
37010
37014
44064
43711
43740
43821
43839
48210
43849
46760
43816
43819
43853
38336
36840
16651
38188
38194
53547
53702
53719
43634
44804
16930
16933
31911
31921
31096
31098
30515
30522
30527
31556
17412
38195
38198
40187
40190
17248
41470
42672
36776
36464
35439
36690
17263
40059
53394
37956
37964
43515
43619
30237
55109
55314
55359
55558
55731
55193
55202
55589
55739
55902
55118
55288
55439
55529
55531
49587
49787
55778
55884
56171
55291
55364
55661
55923
56148
43739
46523
46106
44655
30551
45064
48153
44587
56129
55736
55933
56080
55177
55195
55566
55860
55865
55591
55629
55822
55304
55804
55880
55936
55997
56005
45501
30808
55023
55140
55141
55164
55283
55318
55866
55908
55916
55919
55048
55301
55307
55789
55037
55402
55461
55463
56011
55417
55893
55479
30747
49610
49936
49957
48985
48996
48999
49005
55506
55605
55784
55522
55653
55670
56074
55022
53594
48857
48862
48866
53206
53364
54602
54608
41908
42688
32071
32077
49171
52734
52737
52877
53030
53148
53429
48830
48357
52176
52327
52396
52398
48836
48869
48891
48893
53088
50864
51468
52137
52932
52939
53375
53047
53050
53058
53060
51066
49203
49205
50676
18002
18004
18007
18011
18014
18018
18021
52891
48324
48327
52805
52812
52870
53247
52901
47231
48065
48067
48138
53812
53816
53841
51409
51451
37723
44584
36835
43103
42097
37046
38269
38293
30917
30926
42491
31511
31043
37726
32084
32087
17054
45261
52047
52192
52197
52199
52212
49216
52641
52682
52686
52688
52696
52698
31648
31653
31664
52528
52530
42005
42007
31303
35151
51817
31104
31361
48359
48362
44088
53644
53837
53769
53562
53625
53460
691
53978
54007
53930
53932
54107
53972
30154
30160
30600
30607
30614
31121
693
54011
53919
43366
36766
36772
36780
36782
36786
31559
31562
31569
30803
38202
38207
36882
20313
35536
30172
30176
30188
30621
52533
52535
50426
50437
48916
48927
48935
42954
42838
43114
50929
51168
51170
52031
52337
52341
53605
53737
53741
16554
16557
48591
45046
31353
31364
43921
53792
53606
50880
50883
52066
16881
31879
53534
43380
45309
45311
53810
53690
46310
44094
44154
44302
30247
43984
45937
16943
16945
35043
40046
40049
40052
40056
40129
42460
42046
31541
31549
30756
30762
30771
42406
30893
41783
30413
30374
44158
50757
51338
51367
51407
37809
31391
36582
52429
47746
48936
48940
49138
49157
35031
37428
37515
37523
37526
37528
37667
36489
50907
50911
48644
53747
53485
53660
39821
40016
40018
40021
40025
48260
48262
48266
44781
45512
52250
52252
52276
52336
52415
38228
31521
31529
31533
36736
30336
40124
44057
43522
43531
43535
32022
53002
53322
53428
52840
52842
52846
50457
54939
53143
53215
55219
55309
55658
55910
55913
55095
55098
30867
44861
37301
31878
16898
51937
51958
44254
16891
31330
31086
40104
40123
30794
43556
31155
31099
31079
48091
47229
48029
48032
30115
30126
30128
31314
30189
30816
30947
17662
17673
40004
40006
40010
31018
31025
31031
42404
14965
40098
30956
30961
31345
30087
45146
45160
31558
45717
44133
35537
45121
30119
52204
52208
52262
17472
48205
52477
52479
52481
52485
49519
49521
30285
30989
40155
39929
39932
30731
30248
31217
31222
40230
39862
30720
30725
40014
38057
39897
30639
30977
31367
48615
43514
49616
49626
49629
49638
49647
53094
50986
51097
48840
48858
48865
48834
48890
55827
55602
55697
55711
55720
56003
55117
55392
55519
55780
56134
55128
55131
50822
50824
55525
55538
56102
56162
55581
55848
56183
55303
55395
55742
56062
56131
55249
55413
55663
56071
56182
56015
55261
55874
55210
55817
55138
55765
55774
55606
55821
55229
55482
55590
55815
55876
56035
55211
55220
55404
55854
55887
55388
55447
56104
56108
55565
55399
55636
55842
55313
55435
55705
55718
56012
56160
56177
55139
55142
55148
55152
55271
55464
55878
55633
56041
55068
55642
55645
90218
90220
90223
90225
90228
90230
90233
90236
90238
90241
90243
90246
90248
90251
90253
90256
90258
90261
90264
90266
90269
90271
90274
90276
90279
90281
90284
90287
90289
90292
90294
90297
90299
90302
90304
90307
90310
90312
90315
90317
90320
90322
90325
90327
90330
90332
90335
90338
90340
90343
90346
90349
90351
90353
90355
90357
90360
90363
90365
90368
90370
90373
90375
90378
90380
90383
90386
90388
90391
90393
90396
90398
90401
90403
90406
90409
90411
90414
90416
90420
90422
90425
90428
90431
90434
30350
30356
50206
47242
48588
48542
32094
39928
39925
43785
31913
50667
50998
52615
52621
52626
52633
52638
52642
50828
44390
38079
36816
17420
35541
30150
31228
44849
46717
30168
30297
30304
53804
36742
36746
44074
30471
46115
51820
45026
45042
31763
31766
31768
32032
30623
30582
30185
30089
30256
43461
36453
41752
37508
31008
31012
30439
30442
30451
30228
36699
17155
31398
42135
30022
30025
43287
48589
45492
48197
43656
49277
49337
49386
49397
49417
51548
52275
52283
38375
31977
52285
37649
50066
50076
53609
53611
51967
52089
52104
52107
52115
52121
52130
52147
52168
50812
37710
17051
17105
37826
30860
43383
43479
43290
31320
47250
16775
53616
53716
43407
43475
46744
44035
47952
48343
55275
55281
52879
52664
52675
52680
36511
36519
43695
55165
55168
56147
56152
55427
55792
55794
55797
55872
56002
55502
50829
53676
53687
53778
53634
53657
53921
54028
53988
54058
53955
53960
53966
53601
53696
53475
53944
53965
54117
37424
31406
31409
17471
37023
37028
37035
51511
51528
43774
37245
47979
47988
48352
37234
47977
48399
48417
48568
48115
52344
52346
51499
50536
51076
52523
52525
52635
31413
52449
52451
52495
52498
45124
30325
30271
42614
42618
42629
35452
17210
17212
42635
40043
41698
17301
54817
54824
42565
37813
37817
37828
54855
54243
54252
54256
54259
54265
54267
54277
54279
54284
54287
41740
54302
54304
54309
54313
54321
54326
43013
42574
36685
17144
36559
37502
54146
42711
16935
44197
43573
43707
43757
42647
42652
43773
36686
17159
17172
54387
54761
17215
17236
16516
31893
31900
54255
41860
17244
37589
38007
37663
42765
42770
41839
37545
43348
41836
41897
42924
42586
43147
43171
43226
43246
42701
42705
42708
37420
30613
42742
41623
37994
42692
42695
42698
42885
31634
43018
43054
17193
16802
41788
42740
41612
37975
37990
54294
54766
54781
54790
37591
37595
54823
37928
17178
17179
17185
17187
43783
45267
45269
49088
37351
36627
30670
42715
37754
52908
54833
54862
54869
54875
54880
54887
54917
54919
54926
41146
38128
54457
54459
54468
54473
54890
54573
41686
41702
42874
42557
42560
54834
54902
54922
41506
54149
54152
54155
54159
54162
54175
54296
47264
37185
38423
44920
31220
48276
43389
43520
43528
43533
37381
37385
44653
44458
46724
45915
45223
45225
43568
43610
37571
36803
44090
44386
31853
43369
45296
45298
35460
44681
16874
37615
37618
37873
37881
37883
37472
37559
37621
16819
16823
37894
16674
31816
31668
31671
16608
48369
48376
48762
47961
48602
48609
45494
43709
30244
31103
44400
44960
40093
48610
48619
48173
48175
44530
44544
41980
41992
44648
43267
43269
30470
44213
37166
37177
16682
31872
35074
31373
31381
40171
40176
48057
38023
40088
36893
36798
31502
31507
30045
30642
30648
30657
31144
31055
31060
30485
31183
38361
31448
31457
31358
42112
30788
30062
30065
31170
31178
38278
37353
31125
40252
31520
40054
44096
31321
38233
38234
38242
36855
36862
51033
35018
51898
52225
52542
52547
52553
52555
52557
52562
52565
52569
37341
37346
16807
16540
44353
40122
43599
43604
43608
43611
31950
30141
30850
30856
30859
30700
30709
38130
38133
30733
30746
30749
38015
43795
43314
43317
43080
16902
42676
36792
36897
36904
36905
31244
43365
37587
16927
32089
48617
47238
30758
39915
49728
49765
50087
50136
16499
31700
31706
31714
49038
49059
36809
31470
54845
54182
54904
54933
54935
54942
54954
54961
54964
54747
54760
54878
54993
42630
35161
16975
16980
16985
37755
37671
16916
42581
42584
42592
43345
43356
43360
43370
43467
43474
41700
53014
53354
54795
54836
54842
54854
54565
42712
43077
17334
50933
51819
51825
36844
36851
41636
41469
42682
43381
42571
31117
30532
30552
37332
37204
40112
44585
30752
43653
43697
31835
49760
47262
30687
30692
53839
53576
53775
53620
43647
44029
31473
14960
53936
53935
30434
30162
31080
30143
30842
46517
46769
30505
43704
44021
45527
38032
45305
37115
31916
43806
43827
37982
37818
43594
40106
37165
31873
44136
42615
36679
43125
43057
42730
41994
30441
52030
52588
52598
55947
56093
55677
55684
55535
55955
55972
55161
55534
55959
55978
55175
55693
55976
55490
55777
56098
56051
56113
55338
55585
55180
55185
56127
55840
55966
53163
49028
50945
51938
52412
49698
30324
30930
30941
42504
37782
43979
31339
39938
40161
30871
30489
42811
17655
31494
30270
30862
43168
31248
48569
48012
16481
48242
48317
48630
48636
47232
31978
52418
49717
49721
48035
30329
43187
31070
48200
43624
48598
31697
53718
53494
53395
30834
30841
42633
39937
52237
30268
53854
53856
53860
53877
53884
48764
48625
53667
53732
53675
53729
40031
31474
31242
43781
53211
50866
50877
52975
53212
51046
51907
45531
48172
43372
52725
52796
53134
52865
52978
52983
52377
52383
52389
51261
52361
51731
42735
31771
53751
53939
53906
53953
47146
43684
32037
32042
52608
53689
53639
48593
48192
48008
36824
36828
36832
30868
30650
53762
53499
53533
30801
30100
30109
20315
31266
48118
38239
37225
37231
31365
48414
43683
31868
43749
30780
55646
55696
55712
55760
55480
55027
55438
55248
56018
55496
55274
55953
55101
55415
55612
55766
55553
55701
52651
49201
50146
50236
49846
53168
53036
53155
55664
56078
30588
30002
16639
31809
37113
37125
30166
43616
53540
53473
53498
53959
54038
53563
43106
53695
53710
30580
42317
38181
36929
30082
43714
43833
31279
31034
50207
53902
31995
37310
43342
51039
52040
54858
54873
54892
52944
52856
43304
43309
37856
37932
43335
52987
53010
52742
52810
54215
54611
54617
51438
37795
54424
53397
31637
41682
41890
43328
42720
54539
54545
54564
43848
37128
31731
37581
37740
31973
48411
48533
48578
37299
48127
48002
37182
44763
44628
35076
30463
31572
36850
45506
47247
44518
43775
43922
44360
31566
44357
48287
48323
45122
47275
45288
37061
36845
42684
31116
37203
30021
43758
47260
44180
30802
36502
30077
45926
37219
36906
43978
48217
31673
36982
44087
43492
38026
48232
51026
31677
38183
31858
31676
36797
37273
14967
44663
39917
31684
31689
43563
16477
37569
48590
31953
37387
31999
37673
37399
37412
37367
37624
46305
31755
30348
48059
38029
31775
43579
43661
44173
54204
54211
54220
54231
54826
54385
54403
54408
31642
44179
31692
37543
47997
48000
48103
48095
48098
48100
48161
48164
36520
53607
43882
31624
31614
44629
30708
31219
43956
31352
41724
41852
17431
38051
36712
30380
39957
30217
44399
31151
31160
31236
30883
31048
36804
43228
53622
53629
53490
53697
53704
53744
53705
38165
38167
31584
31589
31591
48150
48221
48224
48229
43293
43297
43299
42931
31990
37394
35122
51038
52041
54861
54881
52927
53081
43303
43308
37935
53225
54225
37866
54444
41893
54537
54555
37573
31974
48547
37300
44419
30457
45505
44499
43980
48288
44591
51821
45100
48648
48340
48389
43501
48245
36663
54804
54649
54189
36496
45024
45929
45187
45103
45052
44039
42667
52883
42793
43326
43166
52193
49378
32024
42892
52819
51003
51877
50786
52607
48966
49410
52141
49686
49357
48410
48774
50861
37414
50952
50962
52351
52008
52081
31141
45484
43509
52372
51288
52060
51444
52073
52257
35453
50875
51281
56022
55733
55262
55052
55562
55499
55805
36700
52988
53080
43141
52452
51737
53026
49530
50546
52319
53076
49419
51363
30400
53791
48071
52952
32063
52365
30517
40178
36687
37960
55293
43741
16534
56081
55568
55938
56174
49946
55763
56172
55907
55032
48860
53178
49949
36665
32073
49198
52966
53089
52881
48231
37724
52201
52695
16641
31514
48360
53489
53628
53987
38205
30681
50376
48929
51167
53736
30436
53615
51377
30763
30542
51408
52437
49155
52255
31523
40121
53006
52843
53151
56151
31310
42327
40009
30951
30751
45720
52260
30718
30976
49568
49648
52955
55707
55386
55743
55814
55914
56107
55896
55941
31135
30255
36454
30999
31013
30449
41509
31397
30017
42959
49267
49411
31885
31972
43477
48406
52677
56144
55795
55394
53723
51510
47270
48565
49816
52069
43499
54316
42993
54797
54132
37985
54785
54844
41693
41568
54164
38427
44683
37463
37895
16605
48606
30550
48612
36794
38041
30286
31455
42321
31181
38080
45069
43589
30853
38131
38014
38108
46705
54997
43347
43476
54835
37787
30218
31167
40157
53765
31588
48227
41631
41973
41425
16951
53826
17408
16931
17073
16966
16811
16814
16836
16792
16798
16909
17291
17323
17332
17378
17253
17160
17166
36572
36577
53813
53254
17235
17094
17110
55640
55265
53783
16890
16895
16900
17195
36480
17092
17277
17201
17406
36530
16825
17011
54140
17222
17305
17317
17346
17419
17337
17293
17060
53589
53776
43632
30455
31471
30813
53918
53940
45048
30156
44316
53593
46708
31051
16626
43808
43621
31780
43883
45921
31387
36983
48214
37104
31862
37274
31683
43569
30595
37388
37408
37514
31907
48331
36741
54202
54233
54390
54449
31905
37719
43058
52867
55069
55678
55968
55533
55980
56136
56047
56110
55178
56128
55967
43449
30937
37781
39918
30876
37797
30864
39814
31402
48318
48638
47953
52417
49720
53836
47272
53495
53505
30693
31065
48212
16511
53492
41629
51467
53864
53883
48624
53686
31475
51087
50881
51045
52062
35096
53136
52982
52384
52886
31773
53946
43682
52572
53582
48344
30939
53761
30800
30111
38231
37226
48413
31870
55647
55721
55555
55803
55745
55724
56029
52649
50156
53041
56076
30587
31808
44525
53558
53917
30625
30631
30081
31271
53887
17239
36853
47263
30697
53743
43650
36996
53831
45050
52080
46518
43698
48367
16502
37271
36462
37159
31038
17358
45530
48248
43460
37264
43566
31961
37411
30792
54208
54401
42897
17331
55674
18078
18081
55468
56112
56126
49716
43976
42815
30755
48633
37200
41905
48628
30838
48183
48626
16645
53344
51056
53320
52380
49657
48573
53585
36831
30797
37269
48146
55593
18090
56019
18053
55700
49876
55759
31334
52511
48380
48773
38060
50957
51217
51998
53366
52954
41741
52295
52305
52233
37189
31615
31128
31371
53469
43470
41081
50838
53342
53424
52467
51729
44124
50966
43302
55204
55515
55232
18070
49047
55991
55369
55428
55838
52994
54295
49158
51677
52112
52114
49532
52124
17292
52723
41250
53227
52313
47257
48081
52876
49438
51023
50856
17002
53217
44383
43811
31593
30513
40186
36688
55099
55617
55289
49588
55886
55767
43777
48044
56130
55183
55864
55871
55937
31567
55157
55942
55046
55035
56117
55476
49956
55387
48859
42687
52169
52938
53385
18008
18022
48170
37721
38292
32085
52210
52527
30753
53552
30605
36767
30804
52537
43873
53725
52067
53477
45938
31547
31804
37808
49139
48388
40030
37329
36738
53288
55311
30874
30314
31037
30414
31030
30049
30847
49517
30963
38306
49632
52911
55829
55927
55601
55135
50337
56100
55849
55407
55410
55592
55212
55858
55446
55950
55426
55393
55638
55419
55898
90419
90426
30353
50686
52647
30678
45503
43625
31011
31396
48241
31976
52088
52171
47251
47254
52679
55798
54015
54057
51509
31063
52518
43480
41126
37827
54291
54327
42710
17209
17243
37549
42707
42694
16913
54822
39926
46507
42788
41680
54906
45286
37377
43567
43554
37557
31828
30354
37830
44056
41845
30240
16461
31376
38017
36795
38040
31149
31182
31456
30053
31179
37522
31496
38241
36869
52543
52558
49746
43544
43605
30846
30699
38136
39833
43070
38099
31246
32088
47241
49766
31701
49058
54851
54940
54965
54789
43368
54840
47974
44155
48368
31781
49246
38161
30266
53512
53442
52789
31262
44128
55753
30241
37317
43877
30535
32007
31349
54270
48105
305
31354
31163
53817
31582
36483
41108
36490
30768
30764
45283
46530
44055
44624
39935
39912
44069
48641
48643
48645
48759
48761
48202
48203
48206
48188
43540
43543
43550
48130
44523
31143
30903
30190
16847
16848
43495
43551
43553
43478
43489
43500
43506
43508
45025
45061
30919
48234
35095
37221
16595
36992
36994
37079
37085
37949
36682
37948
41756
41085
41984
42829
42599
36479
54672
42723
43121
43122
43349
43351
43353
43354
43339
43341
43343
54192
54212
54419
54443
54463
54475
17207
52007
37117
53843
53488
53561
53707
30635
30083
31077
53898
16892
51035
43953
54896
52873
37869
54527
53459
54223
35145
53398
17203
43316
16973
48579
44627
44701
48322
37375
43787
48123
48650
37094
43486
37947
43123
54299
41669
36671
54625
17221
43127
54629
42746
42719
32001
31650
16957
48583
45185
42268
52787
52885
52730
53239
42797
49107
50266
32028
51697
41224
52656
56180
42578
51093
50726
32070
52051
53297
16993
16999
17461
17403
17411
17249
17261
41384
55881
17230
56014
55852
41264
36569
17120
17124
17300
17348
41782
17189
54150
16955
16983
16918
41771
16940
16816
16910
17329
17370
17167
53414
17106
16894
17084
17032
16850
17016
16777
41723
16808
17371
54986
16856
17180
17446
16997
17250
55561
16883
17295
53803
17042
17116
17080
17174
41983
17421
16969
16917
41972
30530
55567
55954
55962
55418
18074
18073
18075
18077
18079
18082
18083
55539
55609
55960
55981
55985
55690
55695
55308
55433
55717
55276
56050
56114
56116
55348
55823
55181
56123
56125
55449
55961
55964
53166
49027
49257
50777
50948
51107
51947
52410
49687
43455
30321
30931
30946
31092
46758
42512
31338
31340
39927
40160
40074
30491
42810
37802
31493
30269
30093
51032
37711
31250
48235
48236
48314
48315
48320
48635
48653
47235
51507
52419
49718
49723
52514
37151
37201
43629
30713
53557
30328
53471
53550
53464
30368
56140
17376
30676
16838
16799
31309
48199
47149
43627
16509
31698
53756
37965
40029
45280
43359
17162
17164
36578
42634
42643
52238
35190
53848
53666
53857
53862
53874
53885
48560
48295
48194
53635
53673
53545
53728
53730
40032
37534
37550
53443
52860
36705
50870
52974
18040
18041
18042
18045
53453
53218
17234
51044
51878
52054
52057
43513
30923
52864
18047
18048
52786
52018
53122
52861
52979
52981
53003
52382
52387
49631
51267
52362
51732
52227
31770
31776
53942
53903
53945
53964
47226
39930
32038
17119
52600
52610
18050
18051
18052
53641
48155
48190
48014
48089
36829
30656
30875
53759
53727
53501
38355
38150
30102
30108
17113
31191
31263
31867
37027
37224
37230
30865
48545
44385
48145
43703
39939
52611
44846
55689
55694
55710
55761
55785
18085
18088
18087
18089
56106
55034
55441
55042
55639
55808
55091
56097
55075
56138
55812
56158
18054
55615
55764
56070
56073
55702
52653
52659
50166
50237
50336
52933
52986
53117
53171
55673
55424
30591
16637
31811
31814
37126
38369
53543
53527
53627
53500
53507
54017
53565
43105
46714
53709
31199
30581
38180
30257
30070
31189
43742
43831
31280
31032
31194
53901
31996
16886
16903
37312
37320
51823
52026
52046
54859
54864
54889
30407
53068
52855
43305
43310
37855
37444
36536
17192
52945
52989
53008
52799
52807
52892
54228
54616
54620
37792
54187
54429
17286
17275
54166
54587
42724
41889
43275
43334
42721
54540
54553
31847
31851
31732
37580
37584
31964
31971
48425
48535
48577
37298
47947
37179
44273
44274
30702
31452
30460
30465
40209
48239
45510
35073
44318
43894
43923
43993
31033
46733
48286
48338
44394
44527
16826
45290
37056
53404
53406
53121
41754
37988
40060
41763
52770
52790
52765
52781
53147
53158
52828
43784
43788
43804
31041
37859
48422
48423
48640
48053
48119
48120
48124
43518
43592
51469
51489
41637
41305
42681
43805
42568
30992
31108
30539
30541
37333
37214
16462
36537
16569
30076
43615
43708
16630
50176
30776
30779
30688
38196
53575
53742
53581
53588
43649
47965
31472
30151
53937
53926
53838
30815
30427
30220
31322
48074
30592
46516
46767
30555
30064
30061
17202
44421
37478
37669
38033
45307
37157
16866
45067
43815
31094
37961
43593
43595
43674
16562
16568
38120
37491
37645
43404
45920
45714
16967
16806
16835
16841
45550
44656
48216
48758
36981
44086
43463
37519
45547
37096
37100
31844
31859
31674
40002
37270
43558
44660
39913
31685
31688
37867
43580
16480
16793
32025
31952
16620
31997
32008
16906
35016
37400
37364
37372
46520
44803
31348
48001
48058
42340
36734
43577
43658
44034
54195
54200
54218
54219
54232
54753
54825
54388
54402
54432
54447
31643
44356
31753
45229
42613
42661
42662
43143
38107
42733
17321
42556
41131
52863
51062
52591
52620
55946
56085
56087
55680
55681
54474
54536
54562
54186
16978
42974
42748
17339
17340
17345
17349
42767
42769
42782
42790
42791
54242
54261
44378
36707
46773
46947
37560
16794
16827
37905
54260
54318
54769
54773
54782
54793
36494
43886
46738
45020
45021
45023
44123
44657
32095
31610
31704
37207
31839
45538
47255
47347
44030
44106
44110
44113
44115
44119
43968
43371
43393
31113
44137
17007
30018
37902
38072
45143
48585
48614
37631
38243
48253
45931
45933
45935
45181
45184
45188
45220
43100
31595
37805
42935
45242
45244
45249
45251
31435
49096
50939
50942
50954
52173
31578
50187
50209
50256
50258
50260
50286
50326
49376
50556
50566
50597
50904
32018
32020
32027
48407
48408
17458
31071
43387
43395
44076
35126
30912
30913
30425
30428
30432
30202
30207
52492
52232
52261
52270
52274
52340
49706
48020
50629
36672
36674
36680
42728
43791
45272
43534
49777
49781
49786
49836
53339
53343
50971
50977
50984
50989
53596
51001
51004
48897
48898
51838
51847
51867
52904
54948
54977
54984
54985
41306
41544
41614
42573
42576
50788
50808
50809
52138
52152
52603
49399
49406
49408
51092
51100
54943
48967
48968
43494
43403
43490
52021
52625
50476
50506
50716
50727
50761
52402
52405
52406
49170
49187
49197
49202
49947
17475
43995
44498
30177
31337
53386
36528
48168
48179
48180
52059
49413
49446
49448
52309
52513
52521
48353
49326
49356
48382
48383
48387
48768
48772
48775
48278
50859
50862
49522
37996
50886
50937
50951
50956
50959
50961
50814
51065
52352
51218
51344
51991
51994
51995
52029
53292
49527
36621
50627
49540
49543
50843
50854
42736
53399
41610
17404
43266
41898
49035
52287
52289
52290
52293
52296
52298
52299
52301
52303
52306
52308
52311
52320
52230
52234
31887
31836
31840
31841
37191
37194
37198
37138
31618
31622
31625
36811
36817
31127
30556
48595
48043
30972
30276
31407
45486
45488
45491
31886
17414
17415
17418
43464
43502
43504
30659
37675
16855
52632
52722
52369
52371
52373
49426
49428
37945
41507
35476
50931
51282
51283
51317
49976
50016
50017
50972
50980
52064
53236
53345
53350
53420
41950
48049
48051
52811
53198
18039
52826
53308
53109
53241
53242
53416
53422
53427
52838
52947
49866
49916
48948
48987
49002
49011
51787
52469
52471
52474
52476
51440
51443
51446
51447
51450
51718
49490
49491
50366
50368
50895
51086
51361
51387
51827
52248
52928
42894
42663
45245
36908
44760
50356
50358
50819
51127
51173
51197
52850
50874
50965
50969
51257
51260
51262
51280
51327
51342
36683
17335
43136
43138
43142
43301
52749
53093
53095
53272
49025
49136
55944
55951
56023
56033
56159
56179
55192
55201
55203
55207
55221
55222
55224
55801
55929
56084
56090
55489
55517
55528
56020
56026
56030
56032
18058
18060
18062
18063
18064
55244
50026
50027
51042
55266
56060
56173
55268
55270
55273
55478
55943
18065
18066
18068
18069
56169
45904
48073
43557
45102
31825
30183
31727
48076
47982
45910
45912
43778
36859
46521
46522
37287
37357
44233
48582
48601
47972
53067
53073
52792
37599
42623
42668
42669
51171
52065
52750
52815
52884
53372
48838
50894
50901
51547
51567
51577
51597
51747
51767
51768
51807
52731
52733
37322
43448
44091
53287
53291
52899
52909
52915
52917
52023
50831
50836
50837
53245
53313
48856
44105
44109
53381
31207
17372
17375
42795
42798
42801
41326
41366
41385
38001
38003
17008
17010
17017
17024
41135
41286
41676
41671
43311
43312
54135
54138
54143
43915
16948
16778
36662
37768
54203
54758
54799
54801
54805
54807
54809
54814
54815
54632
54651
54653
54654
54657
54660
54662
54664
54666
41407
54193
37773
41673
41675
54293
17216
17220
17223
17226
17229
35168
37662
42744
43108
43110
43117
43119
43130
30238
36503
44013
44024
42718
37540
54136
54179
44138
54648
54194
17302
17304
17308
17311
17313
41721
54462
52464
52157
52322
52323
52331
53265
53065
53075
17294
36488
53216
53140
53374
53083
53269
53402
52708
52711
52717
52720
52721
53004
30147
42856
41679
40003
40022
42779
42781
42784
41245
41107
18023
18025
18026
53028
53033
53040
53392
52745
52902
53229
46107
48134
43664
43672
43675
43677
49422
52751
53192
52822
53334
51540
52184
52312
52317
51607
31478
17443
30561
30390
30392
30575
47164
53528
53529
53798
53640
53825
53833
45275
44174
48077
48078
48082
47996
48045
48047
48070
48087
53956
36807
36810
49726
52515
52516
52522
53301
52780
52852
52930
53458
53125
53126
52854
53051
46950
46952
44062
44191
17057
17061
17071
52913
52919
49447
49466
50914
50915
51514
51009
51016
51017
51019
51022
51029
51030
51048
51050
36788
52580
52585
52587
48975
48976
50845
50847
50849
50851
50853
50857
53387
36544
43825
43875
53294
53296
16991
16994
17000
37683
37689
32064
18029
18030
18033
18034
18036
18037
52741
53195
53197
53209
53213
53450
52931
53315
49487
52958
52971
52972
37003
37008
37009
37011
37016
44986
43712
43738
43750
43830
48112
48209
31884
43876
46761
43812
43817
43823
37002
38329
36839
16650
38184
38187
38191
53546
53694
53699
53706
53720
39906
43985
16929
16932
16934
31914
31922
17438
31097
31100
30516
30521
30524
30529
17409
17410
17413
38197
30307
30309
40188
40191
41446
41468
308
42901
44980
36460
36468
36689
36691
17262
31576
17025
37953
37955
37958
43096
43521
16643
16646
43073
55100
55115
55320
55657
55667
55726
55734
55194
55453
55571
55632
55775
56133
56166
55287
55290
55440
55450
55530
49541
49778
49779
49797
55779
55885
56164
55286
55292
55295
55376
55768
56145
56146
56149
43776
46525
46734
45549
43835
44159
37929
48342
43884
55672
55749
56153
55931
55935
56079
56082
55189
55197
55396
55857
55863
55569
55570
55594
55820
55832
55294
55635
55879
55882
55934
55940
55999
56007
56008
44478
55545
55036
55038
55153
55163
55282
55285
55508
55725
55867
55909
55917
55918
55920
55051
55302
55306
55350
55025
55264
55401
55403
55462
55483
55770
56154
55790
55895
55906
55747
43399
51005
51006
49937
50916
48988
48989
48998
49003
49006
49007
55604
55783
55921
56046
55523
55662
55671
55930
56077
55507
49012
49013
48861
48864
48870
53199
53361
49948
54604
54606
41907
43120
36666
42689
32072
32079
17231
49188
52736
31319
52880
52967
55398
55420
55841
55844
55846
55047
55058
49049
49066
49068
49071
49090
56141
55263
55564
55987
55989
55992
55994
55596
55755
55757
55998
56004
56083
56094
55162
55326
52423
52425
52430
52431
55366
55379
55381
55382
55584
55740
56161
55132
55134
55155
55430
55443
55891
55894
55901
55924
55043
55511
55807
55834
55836
56044
55299
55300
55485
51989
36567
17173
37938
36667
37847
51052
52921
52924
52991
31206
30488
49117
49127
49128
37838
43133
37845
54181
54248
54577
54585
53382
43137
51797
52421
52434
52439
52444
52456
52458
49667
41145
41164
51983
51707
51757
52243
44593
41791
56137
49476
50835
50842
51637
51647
51668
51984
52549
51208
51227
16989
30110
37359
37253
30149
52113
31177
31184
31265
30088
50768
50771
50773
51069
51070
51073
52119
49166
49169
32069
53220
53222
53234
52743
17043
49296
49308
51239
51247
49529
49531
49538
49576
49607
49608
50348
50606
50628
51978
51980
52265
52268
16601
37039
37048
37051
38117
30916
30921
41083
30826
31040
31042
31046
32082
32086
17052
17053
45259
45262
52161
52170
52194
52198
52202
52211
52224
49226
52658
52660
52685
52687
52690
52692
52697
52701
31649
31658
31659
16642
52529
36749
36750
48911
31515
30433
30456
31539
30744
31374
48299
48300
48361
48363
44644
53643
53731
53853
53551
53559
53630
53721
53466
53602
53700
53999
54009
53929
53931
53914
53967
53971
54018
30155
30159
30165
30602
30603
30611
43385
45310
45312
45313
53846
53693
37135
44093
44095
44298
30375
30358
46739
43986
45939
16942
16944
35041
40041
40042
40048
40050
40053
40055
38090
40135
42468
31537
31538
31548
31954
30759
30760
30765
30774
30890
30891
41777
30393
30362
30711
30712
50746
50759
50815
51346
51390
42873
42887
37811
53396
36585
36587
44984
36510
48937
48938
49137
49146
49165
35022
37427
37436
37521
37527
37532
16986
17287
36499
50906
50909
50912
48218
46311
53750
53487
53462
40250
40253
40017
40020
40023
40024
40027
48261
48263
48265
48267
45511
52244
52245
52251
52254
52278
52279
52414
17035
38230
16920
31527
31531
40040
36737
38318
40120
45709
44058
44299
43527
43532
43541
43542
52997
53321
53323
53348
52772
52847
52844
52845
50456
54928
54941
53054
53149
55217
55243
55245
55408
55851
55911
55912
55915
55097
30879
44982
36812
37756
16887
37315
37323
51957
44384
17191
40057
31327
31083
31090
38064
40107
39914
39924
39677
30167
31137
35531
31093
31039
48094
47245
48559
48031
48038
30114
30125
30127
30129
30418
30191
30193
30343
30668
31211
39676
38314
40005
40008
40012
31268
31024
31027
31028
30878
31385
38271
30950
30958
30959
31344
31347
31351
45144
45147
44941
40172
31545
44125
44134
44135
45120
44520
45141
52203
52206
52253
52264
52269
31264
51359
52478
52480
52482
52484
49516
49520
49523
30283
30988
40150
40156
39923
39931
30729
30245
30246
31215
31218
31293
31301
31078
30719
30722
30726
40013
38053
36764
30638
30973
30978
31366
31368
48770
48004
16658
49617
49627
49628
49636
49646
49649
53091
53096
50996
51098
51099
48853
48863
52912
52957
48835
48894
55828
55830
55608
55709
55713
55715
55928
55108
55119
55391
55518
55603
56013
56120
55126
55129
50346
50823
50827
55527
56099
56101
56121
55452
55613
55813
56066
56184
55305
55384
55405
55868
56063
56064
56135
55251
55414
55655
56069
56181
55521
55776
56156
55423
55875
55209
55831
55136
55156
55158
55771
55862
55637
55819
56118
55233
55497
55516
55752
55873
55905
56017
55116
55213
55218
56072
55437
55855
55883
55888
55389
55460
55488
56105
55554
55599
55656
55400
55782
55889
55890
55431
55436
55706
55716
55723
56037
56176
55146
55150
55154
56139
56142
55465
56163
55758
55816
55055
55315
55544
55643
55781
90219
90221
90222
90224
90226
90227
90229
90231
90232
90234
90235
90237
90239
90240
90242
90244
30615
53941
53916
54010
54012
53920
42854
36765
36768
39919
36779
36781
36784
36791
31560
31561
31568
31570
53380
38204
38206
38208
36883
48111
30679
30171
30175
30178
30620
30624
52531
52534
52536
50416
50436
40127
48918
48925
48928
42704
43332
41997
43053
44017
50930
51137
51169
52010
52032
52328
52338
53733
53724
53735
53738
53767
16555
16938
16939
45045
45047
30406
30199
43914
43924
53621
53801
50879
50882
51088
52072
52097
16882
31882
53535
53539
53137
53139
53430
48832
52785
48358
52177
52329
52330
52397
53346
48867
48868
48880
48892
52941
53000
50863
50865
49986
51487
52151
52935
52936
53371
52916
53048
53049
53057
53059
53063
51074
49199
49204
49206
50677
52127
18003
18005
18006
18009
18010
18012
18013
18016
18017
18019
18020
52050
48379
48400
48325
18038
52804
52806
52814
52895
52968
52882
47230
48165
48169
48066
48136
48139
48259
53814
53818
53597
53599
51427
37720
44583
36842
36670
42973
31767
31769
43626
43628
30612
30479
42513
30060
30770
43457
43459
37944
41748
37784
17055
31003
31009
31014
31016
30440
30448
30224
30225
40140
17154
31392
31393
31105
42141
30016
30024
17028
42955
42960
48238
46529
48534
47256
49276
49286
49336
49377
49387
49398
49416
49418
51549
52280
52282
46304
37476
52284
37636
37641
37586
50046
50077
47978
53610
53613
52085
52087
52103
52105
52106
52108
52117
52122
52128
52145
52149
50810
50811
51887
17258
37510
17112
48269
48298
43378
43384
43288
43289
43291
48167
37404
37579
53580
53636
45519
43401
43473
43483
43484
46745
44063
48270
48271
48405
55278
53201
53202
52661
52672
52676
52678
51277
36514
36522
47350
43735
55167
55170
55172
56150
55074
55532
55651
55793
55796
55799
55800
56001
56006
55503
55474
38447
53623
53677
53692
53777
53572
53518
53658
53928
54013
53908
54016
54097
53954
53957
53961
53922
53910
53604
53472
53476
53907
53963
54119
54067
54087
37635
31408
31410
53461
37020
37024
37034
38248
51508
51527
44586
43536
37243
37248
47981
48140
48141
48556
30498
48395
48396
48416
48563
48110
48114
17465
52345
49796
49806
50526
51060
52445
52517
52524
52619
52703
52704
52049
52450
52490
52494
52496
43498
45125
37188
30312
30981
30892
42612
42616
42619
42631
35461
41915
17211
17213
41605
41749
42727
42738
54811
54812
54819
54828
42570
36445
16970
37822
54853
54240
54245
54247
54254
54257
54263
54264
54266
54275
54278
54282
54283
54286
54290
54300
54301
54303
54305
54306
54310
54314
54324
54325
54320
42572
41903
17045
17143
17148
36571
37500
54338
54147
42958
37962
44193
43559
43561
43582
43755
17115
43014
42650
42656
41304
41471
36695
17165
17122
54816
54756
54787
16996
16515
31890
31896
31897
31901
17114
17238
17240
37494
41697
17298
17299
42764
42768
42771
41847
37546
37552
42637
41892
41895
41899
42925
42624
43169
43170
43172
43227
42699
42700
42702
42706
42709
37410
30645
42741
37666
41622
41625
37997
42691
42693
42696
42884
16843
16809
31635
43040
54207
54214
17219
17208
41794
42737
41611
41613
37979
37992
37993
35462
54770
54774
54784
37590
37594
37597
54448
54843
17177
17181
17183
17186
54569
43789
43792
35142
45270
49086
49089
37355
45271
45273
42714
46504
53362
52907
54832
54857
54867
54868
54874
54877
54882
54883
54914
54918
54921
54269
42799
41606
42806
56055
54458
54465
90245
90247
90249
90250
90252
90254
90255
90257
90259
90260
90262
90263
90265
90267
90268
90270
90272
90273
90275
90277
90278
90280
90282
90283
90285
90286
90288
90290
90291
90293
90295
90296
90298
90300
90301
90303
90305
90306
90308
90309
90311
90313
90314
90316
90318
90319
90321
90323
90324
90326
90328
90329
90331
90333
90334
90336
90337
90339
90341
90342
90345
90347
90348
90350
90352
90354
90356
90358
90359
90361
90362
90364
90366
90367
90369
90371
90372
90374
90376
90377
90379
90381
90382
90384
90385
90387
90389
90390
90392
90394
90395
90397
90399
90400
90402
90404
90405
90407
90408
90410
90412
90413
90415
90417
90418
90421
90423
90424
90427
90429
90430
90433
30208
30346
30351
30359
30360
30169
48586
48537
48541
48766
31369
43751
43752
39921
43807
43809
50666
50668
52612
52614
52618
52622
52630
52631
52634
52639
52643
52644
43988
31298
38081
48028
14954
36841
35546
30148
31227
30586
44847
46716
46718
30296
30298
53802
53570
53809
36745
36747
30274
30812
30968
46116
46117
48280
45041
31762
31764
31765
16865
16817
16822
37893
37903
16950
31815
31820
31832
31670
31672
48905
48370
48374
47171
47959
48034
48272
48605
45493
45495
45499
30379
30213
30538
44398
44401
45083
40099
48393
48618
48620
47173
48174
45715
44543
30308
30889
41981
41793
44882
17217
17214
30468
30475
45278
37308
37168
16458
16460
31959
31876
14977
31370
31375
31382
31384
40175
42067
38018
38019
38031
40091
36896
36799
31497
31503
31508
30043
30641
30644
30651
30652
31142
31150
30287
31057
30739
30748
30750
16872
44685
17225
43315
43068
43078
16982
43134
42675
42677
38101
36898
36901
36915
31241
43361
44104
32043
16925
16928
16671
47236
47239
47240
39832
49727
49736
49756
50056
50126
50148
50167
31699
31703
31712
49037
49055
49057
49075
36852
48281
54831
54848
54183
54915
54927
54934
54938
54944
54945
54955
54963
54967
54386
54759
54830
54879
54884
54995
42632
16968
16971
16976
16981
16987
16988
37758
16915
42579
42580
42582
42585
51397
43344
43346
43357
43362
43363
43379
43469
42665
36673
53012
53015
53358
17079
54827
54841
54849
54852
54856
43336
43814
17013
17118
51207
51822
51826
49236
36847
51488
41265
41247
42679
42685
42564
42567
31114
31120
30536
30540
37330
37336
37209
46735
36706
37622
30201
30280
43657
43756
16521
16640
50189
30775
30777
30690
30696
37050
53504
53591
53656
53586
43631
43651
43987
56122
30814
36997
53925
45049
30277
30382
30566
48148
48391
30001
38169
46713
46715
36815
30473
43694
44782
45524
31075
37644
45301
31628
37150
48285
37648
43810
43880
38708
36461
38061
43596
43598
37161
16567
44120
42601
42899
42904
43113
43194
44355
44963
42732
41128
52866
53085
52037
52589
55067
55070
56088
55675
55679
55682
55310
55559
55965
55969
55738
55491
55631
55948
55973
55984
55173
55688
55467
55983
55385
55598
56049
55277
55509
56111
56115
55422
55505
55826
55182
55744
56124
55448
55963
55970
55975
49026
50776
50950
51178
52409
49696
43451
30317
30327
30935
30945
38245
38022
46759
42514
31341
43546
39911
40168
30873
30877
36890
42814
37798
38115
30259
30091
30094
30866
37700
39813
39816
48571
31915
30606
30092
48291
48319
48575
48634
48647
47234
31981
52416
52427
49719
49724
37149
30714
53549
53840
31307
48198
48264
48171
48594
31695
30133
53536
53757
37966
36518
43358
30836
41628
42641
48182
48184
52239
48616
53852
53865
53858
53863
53875
53882
53886
48293
48296
48627
53671
53740
53568
53688
16644
40033
37857
37541
48550
52853
36702
36704
50871
52973
53449
53454
53266
51058
52052
52055
43511
48079
37129
53314
52729
52017
53108
52857
52869
52875
52980
52998
52379
52381
52386
49637
52356
52359
52364
38006
52226
52229
31774
54027
53943
53948
53924
48149
47225
52705
44625
32040
52599
52604
53659
53583
35967
35969
48189
48254
48334
48088
36826
36830
30790
30682
31006
53760
53520
53638
53514
30478
30486
31185
31187
31445
31450
31451
31356
42077
30783
30789
30791
30063
30068
31174
31176
31180
38279
38127
38065
31015
40026
31535
40045
44983
37629
44740
38301
38232
38235
38236
38244
36860
36863
36868
36873
51897
52216
52223
52453
52545
52548
52551
52554
52556
52559
52561
52564
52566
52570
49759
37342
37350
16539
31666
44085
31243
43512
43600
43601
43606
43609
43633
31946
30140
30848
30851
30852
30858
30861
30706
30707
38125
38132
38139
17369
54469
54470
54516
54572
41681
41685
41692
42670
42876
41999
42559
42563
54837
54846
54907
54197
35159
54148
54151
54154
54157
54158
54160
54163
54172
54177
54829
47266
37904
45287
46712
48390
45536
36793
44654
43472
43516
43525
43529
38437
51389
37382
16864
36790
36675
44658
46725
45917
36743
45224
45226
43570
43575
43612
46742
44089
44127
44275
44391
43367
45293
45294
45297
45299
45300
35964
16873
16880
37616
37871
37879
37880
37882
37466
37555
37563
49927
53160
55105
30005
37112
30405
53541
53515
53567
50990
30576
36927
30243
30490
30504
37910
36874
45065
16791
32014
46109
31122
43667
54230
31641
31962
44962
52035
55510
56103
18080
55312
55977
56045
55686
55974
51868
30943
42012
30872
31360
30099
31980
49722
53468
31066
31696
37970
36574
53855
53878
53811
48551
18044
53436
47265
52788
52976
51268
53938
38695
52605
48193
53478
37066
30906
35451
35166
55714
18086
56039
55084
55297
55541
49677
53144
52374
49996
48403
53316
48947
51441
50934
52256
51147
48816
49014
56031
55610
56034
55556
55477
55442
52242
56000
55411
55628
56061
51988
37779
52759
52420
52241
49486
52440
50769
53455
49268
50567
52324
52783
53403
40035
53029
43673
53203
30567
53829
48086
53082
17056
51537
42839
48978
53009
18032
53410
52959
46729
36838
53491
16936
17407
42671
300
43523
55668
49000
56067
53365
49189
53138
53231
51470
53061
49207
18015
48326
52942
53815
43104
42502
52048
52683
52699
31192
48394
53698
53933
54047
36789
48101
30184
48926
52024
16937
31357
53579
44300
40044
40058
30769
50758
52432
37524
16901
38347
43107
52277
43526
53007
53043
55922
31979
44603
43466
48033
30671
40007
30955
36857
52263
51360
40149
31296
30966
16979
50992
90432
48536
43753
52628
35549
31230
42185
31760
31036
41747
30452
30027
49359
51517
47956
52120
36465
43388
43405
55284
56057
55073
55600
53958
53474
53758
37246
48564
52348
52079
41900
54821
54253
54268
54307
17146
43578
42654
31895
37659
42923
43176
17041
42906
37984
54777
17176
49095
54866
54885
54464
41996
54153
54173
44762
46722
43981
45292
37872
37892
48371
48273
54976
16977
41933
53011
30782
53578
39890
30533
31856
44041
55540
43426
30845
38008
53879
16647
53230
52058
30799
37053
44780
55786
30632
30506
44682
53079
37057
30686
37363
40166
54201
54446
48162
30313
42336
30214
41404
53770
48219
43294
41991
16941
54546
43846
31411
48003
17416
45507
38021
48196
41762
53173
48621
30855
39916
48207
16846
44015
43581
42598
43338
37998
17015
54144
54802
54659
54190
53393
42716
17309
54476
42800
46945
54783
36909
44103
17062
43398
43562
47153
44037
50926
51598
43659
52923
44130
43118
45243
50168
50568
43392
30423
52291
43663
50981
48896
16914
52602
43564
52020
49167
53384
16853
41784
55861
53390
17044
17145
17102
36580
17241
17246
17081
16810
17175
17184
56058
16821
16867
16924
41633
41626
16803
16974
16804
40011
16796
17290
55451
17379
17157
36576
41124
55853
16884
17196
36474
36584
36560
16947
41696
54139
17307
17343
56016
17373
17459
16949
36477
17147
17059
53295
17405
17027
55748
53819
36579
55409
55859
17034
17149
17121
17245
16926
17182
56054
16956
17029
16984
17462
36849
41427
37206
30795
38152
30660
30105
37064
31196
30409
48116
37247
36986
37259
37229
30015
30888
48412
36751
48144
38433
43705
30008
31412
55648
55692
55708
55719
55788
56065
55557
55033
55727
55041
55806
55088
55654
56096
49817
56170
56157
56178
56155
55630
56027
56068
55687
55703
52654
43780
49678
50157
50287
50316
49886
52934
53107
53120
53170
56075
55103
55106
31332
16622
31801
31813
37111
37119
30402
38173
53850
53668
53542
53785
53502
53510
53989
53506
53566
53573
49008
53708
31197
31203
30583
38179
36923
30072
30075
30084
43829
30537
31205
31282
30282
53889
53900
31991
53713
37321
51034
51037
51824
52045
54860
54863
54888
30594
53072
52825
53243
43307
37852
37862
37870
37939
52951
52990
52993
52878
52801
52888
52890
54224
54613
54619
54627
37790
43355
54441
54315
54581
36484
42725
42922
43330
43333
54272
54541
54549
54558
43843
31848
37137
37572
37578
37735
31970
31975
31388
48424
48576
48418
16490
37304
47949
31173
16676
44313
44626
52174
44157
30459
36785
38113
48240
45504
45509
30355
36777
44700
43801
43933
43982
44940
30965
36836
48274
48289
48350
36856
44529
30894
45291
44253
51471
45256
42566
37328
46736
44083
43654
36507
30695
53847
16570
44381
38119
30796
37687
43402
43406
45712
45532
45551
48955
48213
48249
38218
36985
44027
43456
45545
45546
44860
37915
37099
37101
31845
31461
31861
31863
38058
38149
37265
43560
44192
45066
43779
31681
31686
31208
43571
43576
16479
30568
16520
31958
16619
37390
32009
37396
37403
37409
37360
37513
43693
46110
31754
30337
47547
48022
43662
40073
46514
44184
36926
37433
44522
54196
54209
54217
54226
54229
54762
54273
54389
54391
54406
31639
46765
44102
46728
31807
38238
47998
48102
48104
48107
48096
48099
48159
48160
48163
45062
45063
40194
43879
16523
40082
32068
31575
44255
30323
31278
30705
43957
43961
31355
41742
41750
30727
17436
36709
36711
36718
30030
30209
44563
44643
37913
31154
31164
31165
31240
30885
31049
36805
43175
40158
53834
53835
53768
53503
53516
53701
53726
53764
37240
38164
38166
38177
31585
31586
31590
17463
48151
48220
48222
48225
48230
43292
43296
43298
42921
42926
43813
37865
52984
53001
52889
54618
37734
54568
41604
43331
54542
38389
37134
37737
48415
16486
47950
51025
44418
31563
44404
47248
43799
45500
44395
44160
45289
30837
45284
44082
48113
43547
31317
43485
44019
36989
54133
54763
54813
54656
54663
41674
45000
40087
48328
45936
45906
31761
45909
37289
47973
52795
52063
44116
42802
43115
45246
50941
50226
50276
50586
48409
49776
52376
50987
48899
54968
41608
52142
51090
31047
48178
51345
49526
53368
36813
48258
43838
43468
52714
49429
50839
50007
52475
51498
50896
51362
42963
50818
51179
51258
52111
55332
51040
55475
55833
49050
49087
55990
55925
55839
55434
51053
49116
54134
54578
52435
41147
52159
53310
42561
49556
50813
52266
52350
53379
52818
52175
30563
47259
44623
47994
36800
54872
53194
53214
52961
31438
40193
42910
51457
43524
56143
48009
45541
55044
55196
55818
55586
56010
48603
48995
49004
50669
52803
53240
48064
51417
43099
52640
52684
37217
16549
31528
30767
44592
53624
54008
53934
53947
20312
30186
52532
48917
42697
52025
52342
16556
43919
40051
40125
31551
30887
48135
50760
31389
48939
37435
45515
52413
36728
44301
43539
53441
54937
55246
55904
30121
30197
30673
31026
42311
31342
45162
30384
45142
31224
30012
38059
16638
49630
50995
48850
52874
55722
56119
55130
55241
56132
55856
55390
55242
55481
48040
49366
52272
37533
31318
45520
47253
53400
36513
43715
55076
55870
54118
37642
37029
40165
47980
48397
52343
51078
52617
52491
30300
54319
36555
43565
42655
43039
42739
54198
37596
54271
42558
54847
54156
54791
31202
30821
37878
37562
31829
48372
47962
30412
44961
48056
38028
31506
30654
30481
31186
38042
30069
38062
43990
44564
43602
30145
30703
30737
43066
43135
36912
54794
54788
42583
43364
53013
54850
42713
38047
30388
31153
31052
53851
53703
38170
48152
43295
42930
41635
17361
41993
17123
16840
53830
16797
16919
16868
16824
16801
16805
16812
16834
17296
16946
16795
16905
16907
17289
17320
17324
17330
56059
17242
17156
17158
17163
17170
36573
36575
41773
16972
17232
17233
16773
17108
17111
55847
56056
53842
53784
16885
16893
16897
16904
0
17328
17199
17083
17288
17276
36475
17001
17117
16770
41963
16751
16752
17021
17030
17228
54142
17310
17342
16954
36493
16857
17402
17447
53832
36540
31095
44662
30534
31484
45526
45302
48284
31067
44040
43597
44178
37503
37043
45704
43613
43454
37303
37918
38383
36769
44194
39934
31691
16478
31957
32002
37674
37361
46111
47546
40159
46515
39941
54216
54221
54871
54407
44680
31532
36681
43124
42731
41130
52590
56091
55683
55536
55737
55956
55174
55691
55560
55279
55344
55526
55741
55850
53167
49697
30326
43377
43977
30844
40162
36889
31495
30273
37699
48572
30655
48632
43622
53600
35164
30835
42644
30349
53859
53876
48024
53645
53734
16648
31235
36703
53347
53456
52036
48629
52727
51077
52871
52378
50656
52357
49656
53754
53912
47147
32034
52609
48592
48191
36825
30689
53646
53530
30662
31257
30410
31833
30975
48143
30014
44807
55698
55787
55030
55754
55085
49827
55045
55616
55583
43782
50296
